Loss History for CNN SNR 0:
[0.7232818007469177, 0.697715163230896, 0.6913284063339233, 0.6575804352760315, 0.6559855937957764, 0.7308836579322815, 0.6475682854652405, 0.6009006500244141, 0.5425449013710022, 0.520043134689331, 0.4227827191352844, 0.3628917336463928, 0.2830055356025696, 0.3214791417121887, 0.22741059958934784, 0.1703495979309082, 0.165308877825737, 0.10588275641202927, 0.06906463950872421, 0.06787136942148209, 0.038909755647182465, 0.028826817870140076, 0.015000198036432266, 0.00693220691755414, 0.003480522660538554, 0.0015001158462837338, 0.0010315576801076531, 0.00028748661861754954, 8.42487279442139e-05, 2.2701951820636168e-05, 5.4740744417358655e-06, 1.1348716952852556e-06, 2.3841856489070778e-07, 5.72204541526844e-08, 0.0, 0.0, 0.0, 0.0, 0.0, 0.0, 0.0, 0.0, 0.0, 0.0, 0.0, 0.0, 0.0, 0.0, 0.0, 0.0, 0.0, 0.0, 0.0, 0.0, 0.0, 0.0, 0.0, 0.0, 0.0, 0.0, 0.0, 0.0, 0.0, 0.0, 0.0, 0.0, 0.0, 0.0, 0.0, 0.0, 0.0, 0.0, 0.0, 0.0, 0.0, 0.0, 0.0, 0.0, 0.0, 0.0, 0.0, 0.0, 0.0, 0.0, 0.0, 0.0, 0.0, 0.0, 0.0, 0.0, 0.0, 0.0, 0.0, 0.0, 0.0, 0.0, 0.0, 0.0, 0.0, 0.0, 0.0, 0.0, 0.0, 0.0, 0.0, 0.0, 0.0, 0.0, 0.0, 0.0, 0.0, 0.0, 0.0, 0.0, 0.0, 0.0, 0.0, 0.0, 0.0, 0.0, 0.0, 0.0, 0.0, 0.0, 0.0, 0.0, 0.0, 0.0, 0.0, 0.0, 0.0, 0.0, 0.0, 0.0, 0.0, 0.0, 0.0, 0.0, 0.0, 0.0, 0.0, 0.0, 0.0, 0.0, 0.0, 0.0, 0.0, 0.0, 0.0, 0.0, 0.0, 0.0, 0.0, 0.0, 0.0, 0.0, 0.0, 0.0, 0.0, 0.0, 0.0, 0.0, 0.0, 0.0, 0.0, 0.0, 0.0, 0.0, 0.0, 0.0, 0.0, 0.0, 0.0, 0.0, 0.0, 0.0, 0.0, 0.0, 0.0, 0.0, 0.0, 0.0, 0.0, 0.0, 0.0, 0.0, 0.0, 0.0, 0.0, 0.0, 0.0, 0.0, 0.0, 0.0, 0.0, 0.0, 0.0, 0.0, 0.0, 0.0]
Accuracy for CNN with adam: 1.0
Number of Parameters used to train CNN: 274

Loss History for CNN SNR 1:
[0.6641042828559875, 0.5399613380432129, 0.4993145763874054, 0.36909225583076477, 0.32309654355049133, 0.28407374024391174, 0.215733602643013, 0.16766275465488434, 0.23153440654277802, 0.10871446877717972, 0.16103675961494446, 0.08608303964138031, 0.05946424603462219, 0.062067169696092606, 0.042267777025699615, 0.026904242113232613, 0.01965475268661976, 0.012148886919021606, 0.007913552224636078, 0.004498074762523174, 0.0026633411180227995, 0.0014879462542012334, 0.0035844063386321068, 0.0007565527339465916, 0.003630908438935876, 0.0005086591700091958, 0.0002611643576528877, 0.0001581588148837909, 0.00015789961616974324, 0.0002281085035065189, 0.00022758851991966367, 0.00013362165191210806, 5.78185536141973e-05, 0.00010658224346116185, 0.00011838920181617141, 1.0056221981358249e-05, 1.922930277942214e-05, 7.2811899372027256e-06, 5.721966317651095e-06, 2.655964408404543e-06, 1.6307687928929226e-06, 5.535875516216038e-06, 9.383666110807098e-06, 9.96586209112138e-07, 4.768370232000052e-08, 5.435928756014619e-07, 6.675718111637252e-08, 5.245208356541298e-08, 1.382826440021745e-07, 4.291532462730174e-08, 3.8146957592744e-08, 0.0, 1.430511264999268e-08, 2.384185116000026e-08, 2.384185116000026e-08, 4.76837147544984e-09, 3.337858700547258e-08, 1.907348412544252e-08, 0.0, 4.76837147544984e-09, 2.861022529998536e-08, 0.0, 1.1110151945104008e-06, 4.76837147544984e-09, 0.0, 0.0, 0.0, 0.0, 0.0, 4.76837147544984e-09, 0.0, 0.0, 0.0, 0.0, 0.0, 0.0, 0.0, 0.0, 0.0, 0.0, 0.0, 0.0, 0.0, 0.0, 0.0, 0.0, 0.0, 0.0, 0.0, 0.0, 0.0, 0.0, 0.0, 0.0, 0.0, 0.0, 0.0, 0.0, 0.0, 0.0, 0.0, 0.0, 0.0, 9.53674206272126e-09, 0.0, 0.0, 0.0, 0.0, 0.0, 0.0, 0.0, 0.0, 0.0, 0.0, 0.0, 0.0, 0.0, 0.0, 0.0, 0.0, 0.0, 0.0, 0.0, 0.0, 0.0, 0.0, 0.0, 0.0, 0.0, 0.0, 0.0, 0.0, 0.0, 0.0, 0.0, 0.0, 0.0, 0.0, 0.0, 0.0, 0.0, 0.0, 9.53674206272126e-09, 4.76837147544984e-09, 0.0, 4.76837147544984e-09, 0.0, 0.0, 0.0, 0.0, 0.0, 0.0, 0.0, 0.0, 0.0, 0.0, 0.0, 0.0, 0.0, 0.0, 0.0, 0.0, 0.0, 0.0, 0.0, 0.0, 0.0, 0.0, 0.0, 9.53674206272126e-09, 0.0, 0.0, 0.0, 0.0, 0.0, 0.0, 0.0, 0.0, 0.0, 0.0, 0.0, 0.0, 0.0, 0.0, 0.0, 0.0, 0.0, 0.0, 0.0, 0.0, 0.0, 0.0, 0.0, 0.0, 0.0, 0.0, 0.0, 0.0, 0.0, 0.0]
Accuracy for CNN with adam: 1.0
Number of Parameters used to train CNN: 274

Loss History for CNN SNR 2:
[0.6885141134262085, 0.6971819400787354, 0.6807790398597717, 0.6738442778587341, 0.6982146501541138, 0.7018495202064514, 0.6885141134262085, 0.7018494606018066, 0.676911473274231, 0.7018495798110962, 0.7078517079353333, 0.6892808675765991, 0.6846464276313782, 0.6925145983695984, 0.6846466064453125, 0.6971820592880249, 0.7078517079353333, 0.6984835267066956, 0.7014853954315186, 0.6955167651176453, 0.6941832900047302, 0.693082332611084, 0.6936813592910767, 0.6933473348617554, 0.6915130615234375, 0.6940491199493408, 0.6935157179832458, 0.6933473348617554, 0.6941831707954407, 0.6929498910903931, 0.6918163895606995, 0.6994451880455017, 0.6936812400817871, 0.693479597568512, 0.6935157775878906, 0.6932147741317749, 0.6935155987739563, 0.6934797167778015, 0.6955183148384094, 0.6933473348617554, 0.6935157775878906, 0.693347156047821, 0.6935157775878906, 0.6925525069236755, 0.6880865693092346, 0.6942479014396667, 0.6946136951446533, 0.6937446594238281, 0.6928482055664062, 0.6896465420722961, 0.6969501972198486, 0.6984517574310303, 0.6928482055664062, 0.6852439641952515, 0.6901475787162781, 0.6954158544540405, 0.7082879543304443, 0.6911141276359558, 0.699217677116394, 0.6940491199493408, 0.6955183148384094, 0.6932147741317749, 0.6928482055664062, 0.6867114901542664, 0.6992178559303284, 0.6969843506813049, 0.6915130615234375, 0.698451817035675, 0.6928481459617615, 0.6911141276359558, 0.6856124997138977, 0.701551079750061, 0.6969501972198486, 0.6911141276359558, 0.6969501972198486, 0.6984517574310303, 0.6928482055664062, 0.6925816535949707, 0.699217677116394, 0.6955166459083557, 0.6921806931495667, 0.7013868093490601, 0.6941832900047302, 0.6928173303604126, 0.6946138143539429, 0.6928173303604126, 0.6908839344978333, 0.6907830238342285, 0.6822521090507507, 0.6856834292411804, 0.7048119306564331, 0.6890159845352173, 0.7006794810295105, 0.7023456692695618, 0.6797196269035339, 0.6956807971000671, 0.6898493766784668, 0.6990132927894592, 0.6923817992210388, 0.6890158653259277, 0.6800171732902527, 0.7073778510093689, 0.6965469121932983, 0.6890158653259277, 0.7130767703056335, 0.692348301410675, 0.6873169541358948, 0.6823508739471436, 0.6924145221710205, 0.6890158653259277, 0.7048118710517883, 0.6823509335517883, 0.6965469121932983, 0.689015805721283, 0.6882820129394531, 0.6827154755592346, 0.7043110728263855, 0.6728505492210388, 0.7043110728263855, 0.6777829527854919, 0.6928460597991943, 0.6827155351638794, 0.6871136426925659, 0.719340980052948, 0.6469863057136536, 0.6605488061904907, 0.6790106296539307, 0.6942389607429504, 0.6716781854629517, 0.7267688512802124, 0.7230053544044495, 0.6997435688972473, 0.6928461194038391, 0.6925804018974304, 0.6758845448493958, 0.6827155351638794, 0.6928461194038391, 0.702445387840271, 0.6593548059463501, 0.6925803422927856, 0.7006794810295105, 0.7023457288742065, 0.699979305267334, 0.687317967414856, 0.7050442695617676, 0.6977128386497498, 0.689018964767456, 0.690782904624939, 0.699979305267334, 0.6942479014396667, 0.6964787840843201, 0.6928173303604126, 0.6936814188957214, 0.6928173899650574, 0.6908839344978333, 0.6994452476501465, 0.6890190243721008, 0.7011777758598328, 0.6936814188957214, 0.6930824518203735, 0.6955463290214539, 0.6928173899650574, 0.6871539950370789, 0.690782904624939, 0.6898494958877563, 0.7056781649589539, 0.6898493766784668, 0.6790183782577515, 0.6924144625663757, 0.6923484206199646, 0.6898495554924011, 0.7023457884788513, 0.6923819184303284, 0.7056782245635986, 0.7050443887710571, 0.6890504360198975, 0.6949144005775452, 0.6890504360198975, 0.697446882724762, 0.690782904624939, 0.7025119066238403, 0.6925154328346252, 0.6974470019340515, 0.687317967414856, 0.6949144601821899, 0.6890504360198975, 0.6999794244766235, 0.6890504360198975, 0.7025119066238403, 0.6977128386497498, 0.6927487850189209, 0.6959803700447083, 0.6964787840843201, 0.6934797167778015, 0.6888430714607239, 0.6867115497589111, 0.6901475787162781, 0.6954158544540405, 0.6969500780105591, 0.6896466016769409]
Accuracy for CNN with adam: 0.506
Number of Parameters used to train CNN: 274

Loss History for CNN SNR 3:
[0.635170578956604, 0.9063450694084167, 0.7563716173171997, 0.7141884565353394, 0.7438670992851257, 0.7264710068702698, 0.7145439982414246, 0.7564477324485779, 0.6774382591247559, 0.8610051870346069, 0.6814632415771484, 0.7895248532295227, 0.7012625932693481, 0.6663448214530945, 0.6835217475891113, 0.6930564641952515, 0.6946612596511841, 0.6555063128471375, 0.6044594645500183, 0.6615906357765198, 0.6825270056724548, 0.663158118724823, 0.6794688701629639, 0.6111910343170166, 0.575808048248291, 0.5152068138122559, 0.548561155796051, 0.467861145734787, 0.44454532861709595, 0.3862746059894562, 0.31843364238739014, 0.26391100883483887, 0.19625964760780334, 0.17073994874954224, 0.13593614101409912, 0.10540656745433807, 0.07586495578289032, 0.04900416359305382, 0.03308169171214104, 0.03206615149974823, 0.02040868066251278, 0.012886072508990765, 0.007661789655685425, 0.004244041629135609, 0.002101537771522999, 0.001503333100117743, 0.001371275749988854, 0.0007898939657025039, 0.00035599677357822657, 0.00017534391372464597, 8.566390897613019e-05, 3.0402492484427057e-05, 1.3861544175597373e-05, 6.709067292831605e-06, 3.089897518293583e-06, 1.0490409749763785e-06, 3.4332268228354224e-07, 1.9550320473626925e-07, 5.245208356541298e-08, 2.384185648907078e-08, 0.0, 0.0, 0.0, 0.0, 0.0, 0.0, 0.0, 0.0, 0.0, 0.0, 0.0, 0.0, 0.0, 0.0, 0.0, 0.0, 0.0, 0.0, 0.0, 0.0, 0.0, 0.0, 0.0, 0.0, 0.0, 0.0, 0.0, 0.0, 0.0, 0.0, 0.0, 0.0, 0.0, 0.0, 0.0, 0.0, 0.0, 0.0, 0.0, 0.0, 0.0, 0.0, 0.0, 0.0, 0.0, 0.0, 0.0, 0.0, 0.0, 0.0, 0.0, 0.0, 0.0, 0.0, 0.0, 0.0, 0.0, 0.0, 0.0, 0.0, 0.0, 0.0, 0.0, 0.0, 0.0, 0.0, 0.0, 0.0, 0.0, 0.0, 0.0, 0.0, 0.0, 0.0, 0.0, 0.0, 0.0, 0.0, 0.0, 0.0, 0.0, 0.0, 0.0, 0.0, 0.0, 0.0, 0.0, 0.0, 0.0, 0.0, 0.0, 0.0, 0.0, 0.0, 0.0, 0.0, 0.0, 0.0, 0.0, 0.0, 0.0, 0.0, 0.0, 0.0, 0.0, 0.0, 0.0, 0.0, 0.0, 0.0, 0.0, 0.0, 0.0, 0.0, 0.0, 0.0, 0.0, 0.0, 0.0, 0.0, 0.0, 0.0, 0.0, 0.0, 0.0, 0.0, 0.0, 0.0, 0.0, 0.0, 0.0, 0.0, 0.0, 0.0, 0.0, 0.0, 0.0, 0.0, 0.0, 0.0]
Accuracy for CNN with adam: 1.0
Number of Parameters used to train CNN: 274

Loss History for CNN SNR 4:
[0.7077789306640625, 0.6883071660995483, 0.6404175758361816, 0.5716181397438049, 0.5975056886672974, 0.5128435492515564, 0.4761916995048523, 0.4086889922618866, 0.3475416302680969, 0.28419268131256104, 0.2566295862197876, 0.19209690392017365, 0.13436554372310638, 0.09546904265880585, 0.062253981828689575, 0.040273524820804596, 0.028982356190681458, 0.018531624227762222, 0.01078907959163189, 0.005073907319456339, 0.002702184021472931, 0.0014080050168558955, 0.0008245895151048899, 0.0005458879168145359, 0.0002338739432161674, 6.206271064002067e-05, 2.253494858450722e-05, 6.709068657073658e-06, 1.8358208535573795e-06, 5.292889113661658e-07, 1.096725341653837e-07, 4.291533883815646e-08, 0.0, 0.0, 0.0, 0.0, 0.0, 0.0, 0.0, 0.0, 0.0, 0.0, 0.0, 0.0, 0.0, 0.0, 0.0, 0.0, 0.0, 0.0, 0.0, 0.0, 0.0, 0.0, 0.0, 0.0, 0.0, 0.0, 0.0, 0.0, 0.0, 0.0, 0.0, 0.0, 0.0, 0.0, 0.0, 0.0, 0.0, 0.0, 0.0, 0.0, 0.0, 0.0, 0.0, 0.0, 0.0, 0.0, 0.0, 0.0, 0.0, 0.0, 0.0, 0.0, 0.0, 0.0, 0.0, 0.0, 0.0, 0.0, 0.0, 0.0, 0.0, 0.0, 0.0, 0.0, 0.0, 0.0, 0.0, 0.0, 0.0, 0.0, 0.0, 0.0, 0.0, 0.0, 0.0, 0.0, 0.0, 0.0, 0.0, 0.0, 0.0, 0.0, 0.0, 0.0, 0.0, 0.0, 0.0, 0.0, 0.0, 0.0, 0.0, 0.0, 0.0, 0.0, 0.0, 0.0, 0.0, 0.0, 0.0, 0.0, 0.0, 0.0, 0.0, 0.0, 0.0, 0.0, 0.0, 0.0, 0.0, 0.0, 0.0, 0.0, 0.0, 0.0, 0.0, 0.0, 0.0, 0.0, 0.0, 0.0, 0.0, 0.0, 0.0, 0.0, 0.0, 0.0, 0.0, 0.0, 0.0, 0.0, 0.0, 0.0, 0.0, 0.0, 0.0, 0.0, 0.0, 0.0, 0.0, 0.0, 0.0, 0.0, 0.0, 0.0, 0.0, 0.0, 0.0, 0.0, 0.0, 0.0, 0.0, 0.0, 0.0, 0.0, 0.0, 0.0, 0.0, 0.0, 0.0, 0.0, 0.0, 0.0, 0.0, 0.0, 0.0, 0.0, 0.0, 0.0]
Accuracy for CNN with adam: 1.0
Number of Parameters used to train CNN: 274

Loss History for CNN SNR 5:
[0.6705072522163391, 0.6480522155761719, 0.6307801604270935, 0.664326548576355, 0.6041722297668457, 0.5557414889335632, 0.5236331820487976, 0.49141791462898254, 0.41055575013160706, 0.4152430295944214, 0.3596112132072449, 0.33702772855758667, 0.3100925385951996, 0.3620340824127197, 0.2509649097919464, 0.22696435451507568, 0.21526888012886047, 0.16541911661624908, 0.14658696949481964, 0.11800244450569153, 0.09270333498716354, 0.08392345160245895, 0.06731419265270233, 0.06248966604471207, 0.05672066658735275, 0.04124187305569649, 0.03509300574660301, 0.026949729770421982, 0.021871211007237434, 0.01839127019047737, 0.013514027930796146, 0.010129476897418499, 0.00782786589115858, 0.006609612610191107, 0.004964921623468399, 0.004257228225469589, 0.003131668781861663, 0.002400676254183054, 0.0019278711406514049, 0.0013561015948653221, 0.0010852525010704994, 0.000738157716114074, 0.0004958003992214799, 0.0004604729765560478, 0.0002917401143349707, 0.00018490906222723424, 0.00017671998648438603, 0.00011485119466669858, 0.00011987176549155265, 7.551641465397552e-05, 6.652359297731891e-05, 3.5313551052240655e-05, 1.8796634321915917e-05, 1.6593601685599424e-05, 8.354136298294179e-06, 1.4814851965638809e-05, 1.1224374247831292e-05, 3.2138727874553297e-06, 5.1068350330751855e-06, 4.477466973185074e-06, 1.5306452496588463e-06, 7.867807880757027e-07, 5.245206580184458e-07, 4.863736080551462e-07, 3.957746343985491e-07, 2.9563892667283653e-07, 1.4305111051271524e-07, 1.9550317631455982e-07, 7.152556236178498e-08, 7.152556236178498e-08, 1.1920920428565296e-07, 1.43051135381711e-08, 2.384185648907078e-08, 2.86102270763422e-08, 1.907348234908568e-08, 1.907348590179936e-08, 0.0, 4.76837147544984e-09, 4.76837147544984e-09, 0.0, 0.0, 4.76837147544984e-09, 0.0, 4.76837147544984e-09, 0.0, 0.0, 0.0, 0.0, 0.0, 0.0, 0.0, 0.0, 0.0, 0.0, 0.0, 0.0, 0.0, 0.0, 0.0, 0.0, 0.0, 0.0, 0.0, 0.0, 0.0, 0.0, 0.0, 0.0, 0.0, 0.0, 0.0, 0.0, 0.0, 0.0, 0.0, 0.0, 0.0, 0.0, 0.0, 0.0, 0.0, 0.0, 0.0, 0.0, 0.0, 0.0, 0.0, 0.0, 0.0, 0.0, 0.0, 0.0, 0.0, 0.0, 0.0, 0.0, 0.0, 0.0, 0.0, 0.0, 0.0, 0.0, 0.0, 0.0, 0.0, 0.0, 0.0, 0.0, 0.0, 0.0, 0.0, 0.0, 0.0, 0.0, 0.0, 0.0, 0.0, 0.0, 0.0, 0.0, 0.0, 0.0, 0.0, 0.0, 0.0, 0.0, 0.0, 0.0, 0.0, 0.0, 0.0, 0.0, 0.0, 0.0, 0.0, 0.0, 0.0, 0.0, 0.0, 0.0, 0.0, 0.0, 0.0, 0.0, 0.0, 0.0, 0.0, 0.0, 0.0, 0.0, 0.0, 0.0, 0.0, 0.0, 0.0, 0.0, 0.0, 0.0, 0.0, 0.0]
Accuracy for CNN with adam: 1.0
Number of Parameters used to train CNN: 274

Loss History for CNN SNR 6:
[0.7612187266349792, 0.7453393340110779, 0.6313409209251404, 0.6639249324798584, 0.4996461570262909, 0.4017859995365143, 0.30770328640937805, 0.21784238517284393, 0.14036791026592255, 0.08949588984251022, 0.06545937806367874, 0.031086808070540428, 0.021266913041472435, 0.010101007297635078, 0.004528340417891741, 0.002131096553057432, 0.0007939096540212631, 0.00031264862627722323, 0.0001168865492218174, 6.822728755651042e-05, 2.0680126908700913e-05, 6.990401743678376e-06, 2.079007344946149e-06, 5.102155569147726e-07, 1.23977656585339e-07, 4.291533883815646e-08, 2.86102270763422e-08, 0.0, 0.0, 0.0, 0.0, 0.0, 0.0, 0.0, 0.0, 0.0, 0.0, 0.0, 0.0, 0.0, 0.0, 0.0, 0.0, 0.0, 0.0, 0.0, 0.0, 0.0, 0.0, 0.0, 0.0, 0.0, 0.0, 0.0, 0.0, 0.0, 0.0, 0.0, 0.0, 0.0, 0.0, 0.0, 0.0, 0.0, 0.0, 0.0, 0.0, 0.0, 0.0, 0.0, 0.0, 0.0, 0.0, 0.0, 0.0, 0.0, 0.0, 0.0, 0.0, 0.0, 0.0, 0.0, 0.0, 0.0, 0.0, 0.0, 0.0, 0.0, 0.0, 0.0, 0.0, 0.0, 0.0, 0.0, 0.0, 0.0, 0.0, 0.0, 0.0, 0.0, 0.0, 0.0, 0.0, 0.0, 0.0, 0.0, 0.0, 0.0, 0.0, 0.0, 0.0, 0.0, 0.0, 0.0, 0.0, 0.0, 0.0, 0.0, 0.0, 0.0, 0.0, 0.0, 0.0, 0.0, 0.0, 0.0, 0.0, 0.0, 0.0, 0.0, 0.0, 0.0, 0.0, 0.0, 0.0, 0.0, 0.0, 0.0, 0.0, 0.0, 0.0, 0.0, 0.0, 0.0, 0.0, 0.0, 0.0, 0.0, 0.0, 0.0, 0.0, 0.0, 0.0, 0.0, 0.0, 0.0, 0.0, 0.0, 0.0, 0.0, 0.0, 0.0, 0.0, 0.0, 0.0, 0.0, 0.0, 0.0, 0.0, 0.0, 0.0, 0.0, 0.0, 0.0, 0.0, 0.0, 0.0, 0.0, 0.0, 0.0, 0.0, 0.0, 0.0, 0.0, 0.0, 0.0, 0.0, 0.0, 0.0, 0.0, 0.0, 0.0, 0.0, 0.0, 0.0, 0.0, 0.0, 0.0, 0.0, 0.0]
Accuracy for CNN with adam: 1.0
Number of Parameters used to train CNN: 274

Loss History for CNN SNR 7:
[0.6918157339096069, 0.6888250708580017, 0.6777414083480835, 0.6649521589279175, 0.6379132270812988, 0.6227091550827026, 0.5607019066810608, 0.5215082764625549, 0.42721840739250183, 0.3423857092857361, 0.29536062479019165, 0.1964774876832962, 0.12963171303272247, 0.09269615262746811, 0.0748685672879219, 0.039247505366802216, 0.01984548382461071, 0.011461233720183372, 0.005843235645443201, 0.002103902166709304, 0.0013193864142522216, 0.0005402362439781427, 0.00018212141003459692, 6.319639942375943e-05, 2.248247437819373e-05, 7.491074484278215e-06, 2.260203700643615e-06, 4.7206867748172954e-07, 1.573562400380979e-07, 3.337859766361362e-08, 0.0, 0.0, 0.0, 0.0, 0.0, 0.0, 0.0, 0.0, 0.0, 0.0, 0.0, 0.0, 0.0, 0.0, 0.0, 0.0, 0.0, 0.0, 0.0, 0.0, 0.0, 0.0, 0.0, 0.0, 0.0, 0.0, 0.0, 0.0, 0.0, 0.0, 0.0, 0.0, 0.0, 0.0, 0.0, 0.0, 0.0, 0.0, 0.0, 0.0, 0.0, 0.0, 0.0, 0.0, 0.0, 0.0, 0.0, 0.0, 0.0, 0.0, 0.0, 0.0, 0.0, 0.0, 0.0, 0.0, 0.0, 0.0, 0.0, 0.0, 0.0, 0.0, 0.0, 0.0, 0.0, 0.0, 0.0, 0.0, 0.0, 0.0, 0.0, 0.0, 0.0, 0.0, 0.0, 0.0, 0.0, 0.0, 0.0, 0.0, 0.0, 0.0, 0.0, 0.0, 0.0, 0.0, 0.0, 0.0, 0.0, 0.0, 0.0, 0.0, 0.0, 0.0, 0.0, 0.0, 0.0, 0.0, 0.0, 0.0, 0.0, 0.0, 0.0, 0.0, 0.0, 0.0, 0.0, 0.0, 0.0, 0.0, 0.0, 0.0, 0.0, 0.0, 0.0, 0.0, 0.0, 0.0, 0.0, 0.0, 0.0, 0.0, 0.0, 0.0, 0.0, 0.0, 0.0, 0.0, 0.0, 0.0, 0.0, 0.0, 0.0, 0.0, 0.0, 0.0, 0.0, 0.0, 0.0, 0.0, 0.0, 0.0, 0.0, 0.0, 0.0, 0.0, 0.0, 0.0, 0.0, 0.0, 0.0, 0.0, 0.0, 0.0, 0.0, 0.0, 0.0, 0.0, 0.0, 0.0, 0.0, 0.0, 0.0, 0.0, 0.0, 0.0, 0.0, 0.0, 0.0, 0.0]
Accuracy for CNN with adam: 1.0
Number of Parameters used to train CNN: 274

Loss History for CNN SNR 8:
[0.6681421399116516, 0.8299767374992371, 0.6552545428276062, 0.8270384073257446, 0.6919805407524109, 0.6680077910423279, 0.6973594427108765, 0.6931982636451721, 0.6904711127281189, 0.6882556676864624, 0.6673915982246399, 0.6416963338851929, 0.6198626160621643, 0.47820523381233215, 0.5161685347557068, 0.507750928401947, 0.46632593870162964, 0.39023715257644653, 0.37885192036628723, 0.3414279520511627, 0.33340808749198914, 0.3162221610546112, 0.2508450746536255, 0.2930430471897125, 0.18954408168792725, 0.17586404085159302, 0.14513562619686127, 0.11997240036725998, 0.10578861087560654, 0.09688711911439896, 0.08411264419555664, 0.07260139286518097, 0.04817216098308563, 0.04574047029018402, 0.029932791367173195, 0.02058900147676468, 0.01242037769407034, 0.010739573277533054, 0.006820587906986475, 0.004590361844748259, 0.003846559440717101, 0.002709553809836507, 0.0012889167992398143, 0.0008308705873787403, 0.0007124521653167903, 0.0004489690763875842, 0.0002173897228203714, 0.00018736864149104804, 8.196687122108415e-05, 4.960698424838483e-05, 3.262428435846232e-05, 1.8334143533138558e-05, 8.597306077717803e-06, 7.338468549278332e-06, 2.918236759796855e-06, 1.4543506949848961e-06, 1.5020350474514998e-06, 7.295600426004967e-07, 1.8596647066715377e-07, 2.7179703465662897e-07, 1.1444089409451408e-07, 5.245208356541298e-08, 1.907348590179936e-08, 4.76837147544984e-09, 0.0, 0.0, 4.76837147544984e-09, 0.0, 0.0, 0.0, 0.0, 0.0, 0.0, 0.0, 0.0, 0.0, 0.0, 0.0, 0.0, 0.0, 0.0, 0.0, 0.0, 0.0, 0.0, 0.0, 0.0, 0.0, 0.0, 0.0, 0.0, 0.0, 0.0, 0.0, 0.0, 0.0, 0.0, 0.0, 0.0, 0.0, 0.0, 0.0, 0.0, 0.0, 0.0, 0.0, 0.0, 0.0, 0.0, 0.0, 0.0, 0.0, 0.0, 0.0, 0.0, 0.0, 0.0, 0.0, 0.0, 0.0, 0.0, 0.0, 0.0, 0.0, 0.0, 0.0, 0.0, 0.0, 0.0, 0.0, 0.0, 0.0, 0.0, 0.0, 0.0, 0.0, 0.0, 0.0, 0.0, 0.0, 0.0, 0.0, 0.0, 0.0, 0.0, 0.0, 0.0, 0.0, 0.0, 0.0, 0.0, 0.0, 0.0, 0.0, 0.0, 0.0, 0.0, 0.0, 0.0, 0.0, 0.0, 0.0, 0.0, 0.0, 0.0, 0.0, 0.0, 0.0, 0.0, 0.0, 0.0, 0.0, 0.0, 0.0, 0.0, 0.0, 0.0, 0.0, 0.0, 0.0, 0.0, 0.0, 0.0, 0.0, 0.0, 0.0, 0.0, 0.0, 0.0, 0.0, 0.0, 0.0, 0.0, 0.0, 0.0, 0.0, 0.0, 0.0, 0.0, 0.0]
Accuracy for CNN with adam: 1.0
Number of Parameters used to train CNN: 274

Loss History for CNN SNR 9:
[0.6891301870346069, 0.6722837090492249, 0.6716813445091248, 0.65240877866745, 0.58067786693573, 0.519595205783844, 0.49540865421295166, 0.4752410650253296, 0.5455702543258667, 0.419132798910141, 0.38364678621292114, 0.3793253004550934, 0.3213295340538025, 0.3273507356643677, 0.2562587261199951, 0.23273564875125885, 0.19706350564956665, 0.1773761808872223, 0.15265163779258728, 0.12045309692621231, 0.12520894408226013, 0.08169783651828766, 0.09730525314807892, 0.060966264456510544, 0.051028382033109665, 0.04438507929444313, 0.029043305665254593, 0.02301424741744995, 0.02322894148528576, 0.013409850187599659, 0.009146925993263721, 0.006425565108656883, 0.005047108046710491, 0.004137012641876936, 0.002395311836153269, 0.0024771203752607107, 0.001042436109855771, 0.0005568191991187632, 0.00029377243481576443, 0.00021542720787692815, 0.0001712392404442653, 0.00011178249405929819, 9.556547593092546e-05, 4.030587660963647e-05, 2.2191685275174677e-05, 1.1401050869608298e-05, 6.775829660909949e-06, 2.2935837478144094e-06, 1.029967734211823e-06, 8.249277811955835e-07, 4.0531151057621173e-07, 1.8596647066715377e-07, 8.583067767631292e-08, 4.768371297814156e-08, 4.76837147544984e-09, 0.0, 0.0, 0.0, 0.0, 0.0, 0.0, 0.0, 0.0, 0.0, 0.0, 0.0, 0.0, 0.0, 0.0, 0.0, 0.0, 0.0, 0.0, 0.0, 0.0, 0.0, 0.0, 0.0, 0.0, 0.0, 0.0, 0.0, 0.0, 0.0, 0.0, 0.0, 0.0, 0.0, 0.0, 0.0, 0.0, 0.0, 0.0, 0.0, 0.0, 0.0, 0.0, 0.0, 0.0, 0.0, 0.0, 0.0, 0.0, 0.0, 0.0, 0.0, 0.0, 0.0, 0.0, 0.0, 0.0, 0.0, 0.0, 0.0, 0.0, 0.0, 0.0, 0.0, 0.0, 0.0, 0.0, 0.0, 0.0, 0.0, 0.0, 0.0, 0.0, 0.0, 0.0, 0.0, 0.0, 0.0, 0.0, 0.0, 0.0, 0.0, 0.0, 0.0, 0.0, 0.0, 0.0, 0.0, 0.0, 0.0, 0.0, 0.0, 0.0, 0.0, 0.0, 0.0, 0.0, 0.0, 0.0, 0.0, 0.0, 0.0, 0.0, 0.0, 0.0, 0.0, 0.0, 0.0, 0.0, 0.0, 0.0, 0.0, 0.0, 0.0, 0.0, 0.0, 0.0, 0.0, 0.0, 0.0, 0.0, 0.0, 0.0, 0.0, 0.0, 0.0, 0.0, 0.0, 0.0, 0.0, 0.0, 0.0, 0.0, 0.0, 0.0, 0.0, 0.0, 0.0, 0.0, 0.0, 0.0, 0.0, 0.0, 0.0, 0.0, 0.0]
Accuracy for CNN with adam: 1.0
Number of Parameters used to train CNN: 274

Loss History for CNN SNR 10:
[0.7123969197273254, 0.6984160542488098, 0.6732891201972961, 0.6871857643127441, 0.6803209781646729, 0.6791707873344421, 0.6941502094268799, 0.7441074848175049, 0.6867362260818481, 0.6575251817703247, 0.7021653652191162, 0.6719555854797363, 0.7101805210113525, 0.6863859295845032, 0.6941500902175903, 0.7224619388580322, 0.6803209781646729, 0.7008163332939148, 0.6995666027069092, 0.7040312886238098, 0.7021803259849548, 0.6843681931495667, 0.6925499439239502, 0.7004290223121643, 0.6955621838569641, 0.6923952698707581, 0.7019925713539124, 0.6923953294754028, 0.6794862151145935, 0.6763378381729126, 0.6781043410301208, 0.6871857643127441, 0.6995666027069092, 0.6928008794784546, 0.7069955468177795, 0.6843681931495667, 0.6925499439239502, 0.7004290223121643, 0.6987773776054382, 0.6875648498535156, 0.7052078247070312, 0.6948103904724121, 0.6941585540771484, 0.6968674659729004, 0.6931700110435486, 0.6920180320739746, 0.7036446332931519, 0.6943724751472473, 0.6931852102279663, 0.6888790130615234, 0.6893814206123352, 0.7019381523132324, 0.6909661889076233, 0.6971685886383057, 0.6941359043121338, 0.6912332773208618, 0.6957206726074219, 0.6920180320739746, 0.6957206726074219, 0.6943724751472473, 0.6930332183837891, 0.6936066150665283, 0.6932157278060913, 0.6920182108879089, 0.6893814206123352, 0.6900141835212708, 0.6987165808677673, 0.6876294016838074, 0.7050862312316895, 0.6923989057540894, 0.7050862312316895, 0.6828597784042358, 0.6891621351242065, 0.7043490409851074, 0.6987166404724121, 0.6947836875915527, 0.7004749774932861, 0.6935875415802002, 0.6932003498077393, 0.6928027868270874, 0.6925509572029114, 0.6923989057540894, 0.7050861120223999, 0.6947838664054871, 0.69730544090271, 0.6904484629631042, 0.6957206726074219, 0.6943724155426025, 0.6931548118591309, 0.6935876607894897, 0.6931548118591309, 0.6928027868270874, 0.6957206130027771, 0.6967267394065857, 0.6931396722793579, 0.6936067342758179, 0.6931700110435486, 0.6904484629631042, 0.6973053812980652, 0.6896636486053467, 0.6893814206123352, 0.7067077159881592, 0.6893814206123352, 0.6923989653587341, 0.6923469305038452, 0.6804406046867371, 0.692542314529419, 0.6963794231414795, 0.6827929019927979, 0.6724711656570435, 0.692542314529419, 0.6923946142196655, 0.7019011974334717, 0.6780907511711121, 0.6955316662788391, 0.6852449178695679, 0.7019011974334717, 0.6947838068008423, 0.695720374584198, 0.6920181512832642, 0.6941356658935547, 0.6943723559379578, 0.6931700706481934, 0.6928027868270874, 0.6941357254981995, 0.692802906036377, 0.6925509572029114, 0.6947838068008423, 0.6862120628356934, 0.7019379138946533, 0.6909662485122681, 0.6876296401023865, 0.698716402053833, 0.6900143623352051, 0.698716402053833, 0.6876296401023865, 0.7082705497741699, 0.6947838068008423, 0.7004745602607727, 0.6943723559379578, 0.6930783987045288, 0.6911609768867493, 0.7006198167800903, 0.6944220662117004, 0.6931395530700684, 0.6927915215492249, 0.689312756061554, 0.6972258687019348, 0.6860822439193726, 0.69722580909729, 0.7006198167800903, 0.6911609768867493, 0.6876975297927856, 0.6996410489082336, 0.6973892450332642, 0.6927915215492249, 0.690928041934967, 0.7117175459861755, 0.690928041934967, 0.6923951506614685, 0.698777437210083, 0.6948105692863464, 0.690928041934967, 0.6996411085128784, 0.6860822439193726, 0.7020564079284668, 0.700619637966156, 0.6919762492179871, 0.6941586136817932, 0.6895303130149841, 0.6957738399505615, 0.6927914619445801, 0.6941585540771484, 0.6936067938804626, 0.6931701898574829, 0.6935877203941345, 0.6931548118591309, 0.6920182108879089, 0.6957204341888428, 0.6959418654441833, 0.6931090354919434, 0.6927914619445801, 0.6909279823303223, 0.6803188920021057, 0.6987775564193726, 0.7044716477394104, 0.6925432682037354, 0.6948105692863464, 0.6973891258239746, 0.6952373385429382, 0.6931395530700684, 0.6944220662117004, 0.6931700706481934, 0.6943723559379578, 0.6931701898574829, 0.6935875415802002, 0.6931855082511902, 0.695156991481781, 0.6931091547012329, 0.6984984874725342]
Accuracy for CNN with adam: 0.506
Number of Parameters used to train CNN: 274

Loss History for CNN SNR 11:
[0.7262222766876221, 0.5575370192527771, 0.3700215220451355, 0.24930983781814575, 0.14427858591079712, 0.0837840661406517, 0.0378144346177578, 0.034369464963674545, 0.015106284990906715, 0.006230826955288649, 0.004153569228947163, 0.0014574606902897358, 0.0005056240479461849, 0.00017433389439247549, 6.31685252301395e-05, 1.8253142116009258e-05, 4.882798748440109e-06, 1.3065327948424965e-06, 3.4332268228354224e-07, 7.152556236178498e-08, 0.0, 0.0, 0.0, 0.0, 0.0, 0.0, 0.0, 0.0, 0.0, 0.0, 0.0, 0.0, 0.0, 0.0, 0.0, 0.0, 0.0, 0.0, 0.0, 0.0, 0.0, 0.0, 0.0, 0.0, 0.0, 0.0, 0.0, 0.0, 0.0, 0.0, 0.0, 0.0, 0.0, 0.0, 0.0, 0.0, 0.0, 0.0, 0.0, 0.0, 0.0, 0.0, 0.0, 0.0, 0.0, 0.0, 0.0, 0.0, 0.0, 0.0, 0.0, 0.0, 0.0, 0.0, 0.0, 0.0, 0.0, 0.0, 0.0, 0.0, 0.0, 0.0, 0.0, 0.0, 0.0, 0.0, 0.0, 0.0, 0.0, 0.0, 0.0, 0.0, 0.0, 0.0, 0.0, 0.0, 0.0, 0.0, 0.0, 0.0, 0.0, 0.0, 0.0, 0.0, 0.0, 0.0, 0.0, 0.0, 0.0, 0.0, 0.0, 0.0, 0.0, 0.0, 0.0, 0.0, 0.0, 0.0, 0.0, 0.0, 0.0, 0.0, 0.0, 0.0, 0.0, 0.0, 0.0, 0.0, 0.0, 0.0, 0.0, 0.0, 0.0, 0.0, 0.0, 0.0, 0.0, 0.0, 0.0, 0.0, 0.0, 0.0, 0.0, 0.0, 0.0, 0.0, 0.0, 0.0, 0.0, 0.0, 0.0, 0.0, 0.0, 0.0, 0.0, 0.0, 0.0, 0.0, 0.0, 0.0, 0.0, 0.0, 0.0, 0.0, 0.0, 0.0, 0.0, 0.0, 0.0, 0.0, 0.0, 0.0, 0.0, 0.0, 0.0, 0.0, 0.0, 0.0, 0.0, 0.0, 0.0, 0.0, 0.0, 0.0, 0.0, 0.0, 0.0, 0.0, 0.0, 0.0, 0.0, 0.0, 0.0, 0.0, 0.0, 0.0, 0.0, 0.0, 0.0, 0.0]
Accuracy for CNN with adam: 1.0
Number of Parameters used to train CNN: 274

Loss History for CNN SNR 12:
[0.6839460134506226, 0.640322744846344, 0.6591479778289795, 0.5936264395713806, 0.5025134086608887, 0.4467109739780426, 0.3601427972316742, 0.2918627858161926, 0.3100961148738861, 0.21788960695266724, 0.16085004806518555, 0.1448456048965454, 0.0943397581577301, 0.10126125067472458, 0.05166775360703468, 0.03000621125102043, 0.043372951447963715, 0.014828315004706383, 0.007624493911862373, 0.004713770933449268, 0.005188466515392065, 0.0016837387811392546, 0.0009334742790088058, 0.0003880794974975288, 0.0005484459688887, 0.00011209197691641748, 4.9698959628585726e-05, 3.952785482397303e-05, 9.226750989910215e-06, 4.4393368625605945e-06, 3.552423777364311e-06, 7.438657689817774e-07, 2.4318686087099195e-07, 1.096725341653837e-07, 9.059905181629802e-08, 0.0, 0.0, 0.0, 0.0, 0.0, 0.0, 0.0, 0.0, 0.0, 0.0, 0.0, 0.0, 0.0, 0.0, 0.0, 0.0, 0.0, 0.0, 0.0, 0.0, 0.0, 0.0, 0.0, 0.0, 0.0, 0.0, 0.0, 0.0, 0.0, 0.0, 0.0, 0.0, 0.0, 0.0, 0.0, 0.0, 0.0, 0.0, 0.0, 0.0, 0.0, 0.0, 0.0, 0.0, 0.0, 0.0, 0.0, 0.0, 0.0, 0.0, 0.0, 0.0, 0.0, 0.0, 0.0, 0.0, 0.0, 0.0, 0.0, 0.0, 0.0, 0.0, 0.0, 0.0, 0.0, 0.0, 0.0, 0.0, 0.0, 0.0, 0.0, 0.0, 0.0, 0.0, 0.0, 0.0, 0.0, 0.0, 0.0, 0.0, 0.0, 0.0, 0.0, 0.0, 0.0, 0.0, 0.0, 0.0, 0.0, 0.0, 0.0, 0.0, 0.0, 0.0, 0.0, 0.0, 0.0, 0.0, 0.0, 0.0, 0.0, 0.0, 0.0, 0.0, 0.0, 0.0, 0.0, 0.0, 0.0, 0.0, 0.0, 0.0, 0.0, 0.0, 0.0, 0.0, 0.0, 0.0, 0.0, 0.0, 0.0, 0.0, 0.0, 0.0, 0.0, 0.0, 0.0, 0.0, 0.0, 0.0, 0.0, 0.0, 0.0, 0.0, 0.0, 0.0, 0.0, 0.0, 0.0, 0.0, 0.0, 0.0, 0.0, 0.0, 0.0, 0.0, 0.0, 0.0, 0.0, 0.0, 0.0, 0.0, 0.0, 0.0, 0.0, 0.0, 0.0, 0.0, 0.0, 0.0, 0.0, 0.0, 0.0, 0.0, 0.0]
Accuracy for CNN with adam: 1.0
Number of Parameters used to train CNN: 274

Loss History for CNN SNR 13:
[0.6940506100654602, 0.6592753529548645, 0.6164576411247253, 0.5605738759040833, 0.4871857166290283, 0.4373539686203003, 0.36709582805633545, 0.29285115003585815, 0.24750225245952606, 0.18229417502880096, 0.12739713490009308, 0.08395985513925552, 0.05453573539853096, 0.0354633629322052, 0.02700555883347988, 0.013723763637244701, 0.007535404060035944, 0.0038000005297362804, 0.0020084974821656942, 0.000875624711625278, 0.0005348326521925628, 0.0002454394125379622, 9.343589772470295e-05, 3.619594644987956e-05, 1.882048491097521e-05, 6.365746230585501e-06, 6.046268936188426e-06, 1.473425413678342e-06, 3.0994411304163805e-07, 1.1920928244535389e-07, 7.152556236178498e-08, 0.0, 0.0, 0.0, 0.0, 0.0, 0.0, 0.0, 0.0, 0.0, 0.0, 0.0, 0.0, 0.0, 0.0, 0.0, 0.0, 0.0, 0.0, 0.0, 0.0, 0.0, 0.0, 0.0, 0.0, 0.0, 0.0, 0.0, 0.0, 0.0, 0.0, 0.0, 0.0, 0.0, 0.0, 0.0, 0.0, 0.0, 0.0, 0.0, 0.0, 0.0, 0.0, 0.0, 0.0, 0.0, 0.0, 0.0, 0.0, 0.0, 0.0, 0.0, 0.0, 0.0, 0.0, 0.0, 0.0, 0.0, 0.0, 0.0, 0.0, 0.0, 0.0, 0.0, 0.0, 0.0, 0.0, 0.0, 0.0, 0.0, 0.0, 0.0, 0.0, 0.0, 0.0, 0.0, 0.0, 0.0, 0.0, 0.0, 0.0, 0.0, 0.0, 0.0, 0.0, 0.0, 0.0, 0.0, 0.0, 0.0, 0.0, 0.0, 0.0, 0.0, 0.0, 0.0, 0.0, 0.0, 0.0, 0.0, 0.0, 0.0, 0.0, 0.0, 0.0, 0.0, 0.0, 0.0, 0.0, 0.0, 0.0, 0.0, 0.0, 0.0, 0.0, 0.0, 0.0, 0.0, 0.0, 0.0, 0.0, 0.0, 0.0, 0.0, 0.0, 0.0, 0.0, 0.0, 0.0, 0.0, 0.0, 0.0, 0.0, 0.0, 0.0, 0.0, 0.0, 0.0, 0.0, 0.0, 0.0, 0.0, 0.0, 0.0, 0.0, 0.0, 0.0, 0.0, 0.0, 0.0, 0.0, 0.0, 0.0, 0.0, 0.0, 0.0, 0.0, 0.0, 0.0, 0.0, 0.0, 0.0, 0.0, 0.0, 0.0, 0.0, 0.0, 0.0, 0.0, 0.0]
Accuracy for CNN with adam: 1.0
Number of Parameters used to train CNN: 274

Loss History for CNN SNR 14:
[0.7024955153465271, 0.6919143199920654, 0.6941928267478943, 0.6927747130393982, 0.6875506639480591, 0.6874688863754272, 0.6825657486915588, 0.7045860886573792, 0.6956078410148621, 0.6899293661117554, 0.6825657486915588, 0.7045860886573792, 0.6890867352485657, 0.6964650750160217, 0.6988682746887207, 0.6874688863754272, 0.6890867352485657, 0.6883439421653748, 0.7120037078857422, 0.7167676687240601, 0.6858262419700623, 0.6924045085906982, 0.7086499929428101, 0.7022318840026855, 0.6925323009490967, 0.7022320032119751, 0.7024955153465271, 0.6970773935317993, 0.6932381987571716, 0.6935596466064453, 0.6932381987571716, 0.6957780718803406, 0.6931776404380798, 0.6965175867080688, 0.6932988166809082, 0.6928201913833618, 0.6956415772438049, 0.6942991018295288, 0.6931171417236328, 0.6953563690185547, 0.6931171417236328, 0.6919142007827759, 0.6941928267478943, 0.6944957971572876, 0.6931777000427246, 0.6935596466064453, 0.692996084690094, 0.6936353445053101, 0.692935585975647, 0.6944957971572876, 0.693359375, 0.6935596466064453, 0.6930566430091858, 0.696216881275177, 0.6931172013282776, 0.6927748322486877, 0.6925323009490967, 0.6948503851890564, 0.6925323009490967, 0.7022320032119751, 0.6892111897468567, 0.704692542552948, 0.6975138187408447, 0.6927748322486877, 0.6941927075386047, 0.696216881275177, 0.6934803128242493, 0.6928201913833618, 0.6941021084785461, 0.6928201913833618, 0.6894837021827698, 0.6970839500427246, 0.689483642578125, 0.6900655627250671, 0.6954867839813232, 0.7041023373603821, 0.7002599835395813, 0.6906017065048218, 0.686404824256897, 0.6830471158027649, 0.6986261010169983, 0.6877260804176331, 0.6954867839813232, 0.6807076930999756, 0.6892077922821045, 0.7042078971862793, 0.6829288601875305, 0.7042078971862793, 0.6986261606216431, 0.6994234323501587, 0.6910231709480286, 0.6970839500427246, 0.6941021680831909, 0.6928201913833618, 0.6956414580345154, 0.6972569823265076, 0.6931171417236328, 0.6927745938301086, 0.6875506043434143, 0.6899292469024658, 0.6956078410148621, 0.6874688863754272, 0.6890867352485657, 0.7005255818367004, 0.6988683938980103, 0.6850082278251648, 0.6923473477363586, 0.692389726638794, 0.7021288871765137, 0.699771523475647, 0.6892111301422119, 0.68500816822052, 0.6825656294822693, 0.6924043893814087, 0.6923472881317139, 0.6997715830802917, 0.6991746425628662, 0.6962171196937561, 0.6930566430091858, 0.6893323659896851, 0.6958534717559814, 0.6919141411781311, 0.6908718347549438, 0.6825475096702576, 0.682565450668335, 0.6842833161354065, 0.7071431875228882, 0.7045862078666687, 0.6923471689224243, 0.6874686479568481, 0.6858259439468384, 0.7045862674713135, 0.6858259439468384, 0.6964650750160217, 0.7086501121520996, 0.689929187297821, 0.6988683938980103, 0.6973109245300293, 0.6925323605537415, 0.7022321820259094, 0.6958534717559814, 0.6901928782463074, 0.6991746425628662, 0.6944958567619324, 0.693238377571106, 0.6935596466064453, 0.6931172013282776, 0.6927746534347534, 0.6875504851341248, 0.6948504447937012, 0.6875504851341248, 0.6973110437393188, 0.6925323009490967, 0.6899292469024658, 0.6923471689224243, 0.6973110437393188, 0.6958534717559814, 0.6987990736961365, 0.6932384371757507, 0.6935595870018005, 0.6932990550994873, 0.6935596466064453, 0.6931778192520142, 0.6935595870018005, 0.693056583404541, 0.6962171196937561, 0.6929959058761597, 0.6927747130393982, 0.6925323009490967, 0.6874685883522034, 0.6858259439468384, 0.7005258202552795, 0.6890865564346313, 0.68834388256073, 0.673119068145752, 0.704139232635498, 0.7071433067321777, 0.6924045085906982, 0.7053897976875305, 0.6800867319107056, 0.6890866756439209, 0.6761620044708252, 0.6974220871925354, 0.7045862674713135, 0.6793047189712524, 0.6964650750160217, 0.6988685727119446, 0.6948503851890564, 0.6908716559410095, 0.6948503851890564, 0.6958534717559814, 0.6910534501075745, 0.7024959325790405, 0.6919141411781311, 0.6925323009490967, 0.6874685883522034, 0.6858260631561279, 0.6964650750160217, 0.6858260631561279, 0.68834388256073]
Accuracy for CNN with adam: 0.494
Number of Parameters used to train CNN: 274

Loss History for CNN SNR 15:
[0.7061099410057068, 0.6758604645729065, 0.6607834100723267, 0.652417778968811, 0.6438788771629333, 0.554060161113739, 0.5454849004745483, 0.4552100896835327, 0.387419730424881, 0.3337249755859375, 0.28150475025177, 0.22451354563236237, 0.1960558444261551, 0.13896942138671875, 0.11216312646865845, 0.07879959791898727, 0.04398881271481514, 0.028227046132087708, 0.015538759529590607, 0.008809603750705719, 0.004761494230479002, 0.0020308734383434057, 0.0009812877979129553, 0.000605825160164386, 0.000216477841604501, 8.339874329976737e-05, 3.452235978329554e-05, 9.67973937804345e-06, 4.248600362188881e-06, 1.206397087116784e-06, 4.386900513964065e-07, 1.0013579299084086e-07, 1.43051135381711e-08, 0.0, 0.0, 0.0, 0.0, 0.0, 0.0, 0.0, 0.0, 0.0, 0.0, 0.0, 0.0, 0.0, 0.0, 0.0, 0.0, 0.0, 0.0, 0.0, 0.0, 0.0, 0.0, 0.0, 0.0, 0.0, 0.0, 0.0, 0.0, 0.0, 0.0, 0.0, 0.0, 0.0, 0.0, 0.0, 0.0, 0.0, 0.0, 0.0, 0.0, 0.0, 0.0, 0.0, 0.0, 0.0, 0.0, 0.0, 0.0, 0.0, 0.0, 0.0, 0.0, 0.0, 0.0, 0.0, 0.0, 0.0, 0.0, 0.0, 0.0, 0.0, 0.0, 0.0, 0.0, 0.0, 0.0, 0.0, 0.0, 0.0, 0.0, 0.0, 0.0, 0.0, 0.0, 0.0, 0.0, 0.0, 0.0, 0.0, 0.0, 0.0, 0.0, 0.0, 0.0, 0.0, 0.0, 0.0, 0.0, 0.0, 0.0, 0.0, 0.0, 0.0, 0.0, 0.0, 0.0, 0.0, 0.0, 0.0, 0.0, 0.0, 0.0, 0.0, 0.0, 0.0, 0.0, 0.0, 0.0, 0.0, 0.0, 0.0, 0.0, 0.0, 0.0, 0.0, 0.0, 0.0, 0.0, 0.0, 0.0, 0.0, 0.0, 0.0, 0.0, 0.0, 0.0, 0.0, 0.0, 0.0, 0.0, 0.0, 0.0, 0.0, 0.0, 0.0, 0.0, 0.0, 0.0, 0.0, 0.0, 0.0, 0.0, 0.0, 0.0, 0.0, 0.0, 0.0, 0.0, 0.0, 0.0, 0.0, 0.0, 0.0, 0.0, 0.0, 0.0, 0.0, 0.0, 0.0, 0.0, 0.0, 0.0, 0.0, 0.0, 0.0, 0.0, 0.0]
Accuracy for CNN with adam: 1.0
Number of Parameters used to train CNN: 274

Loss History for CNN SNR 16:
[0.7743268609046936, 0.7073938846588135, 0.5918354988098145, 0.5667320489883423, 0.42658936977386475, 0.3307127058506012, 0.2827345132827759, 0.2854699194431305, 0.1895492970943451, 0.12045915424823761, 0.09727157652378082, 0.13299497961997986, 0.049342937767505646, 0.049093399196863174, 0.022032203152775764, 0.01073817815631628, 0.013099700212478638, 0.004116754978895187, 0.007996879518032074, 0.0014953933423385024, 0.001238159486092627, 0.0008575503015890718, 0.00019589306612033397, 0.000107144660432823, 3.4817669074982405e-05, 2.7145551939611323e-05, 7.529220511059975e-06, 1.9130338841932826e-05, 1.492498881816573e-06, 6.055824428585765e-07, 6.198878850227629e-07, 8.583067767631292e-08, 1.764297365980383e-07, 0.0, 0.0, 0.0, 0.0, 0.0, 0.0, 0.0, 0.0, 0.0, 0.0, 0.0, 0.0, 0.0, 0.0, 0.0, 0.0, 0.0, 0.0, 0.0, 0.0, 0.0, 0.0, 0.0, 0.0, 0.0, 0.0, 0.0, 0.0, 0.0, 0.0, 0.0, 0.0, 0.0, 0.0, 0.0, 0.0, 0.0, 0.0, 0.0, 0.0, 0.0, 0.0, 0.0, 0.0, 0.0, 0.0, 0.0, 0.0, 0.0, 0.0, 0.0, 0.0, 0.0, 0.0, 0.0, 0.0, 0.0, 0.0, 0.0, 0.0, 0.0, 0.0, 0.0, 0.0, 0.0, 0.0, 0.0, 0.0, 0.0, 0.0, 0.0, 0.0, 0.0, 0.0, 0.0, 0.0, 0.0, 0.0, 0.0, 0.0, 0.0, 0.0, 0.0, 0.0, 0.0, 0.0, 0.0, 0.0, 0.0, 0.0, 0.0, 0.0, 0.0, 0.0, 0.0, 0.0, 0.0, 0.0, 0.0, 0.0, 0.0, 0.0, 0.0, 0.0, 0.0, 0.0, 0.0, 0.0, 0.0, 0.0, 0.0, 0.0, 0.0, 0.0, 0.0, 0.0, 0.0, 0.0, 0.0, 0.0, 0.0, 0.0, 0.0, 0.0, 0.0, 0.0, 0.0, 0.0, 0.0, 0.0, 0.0, 0.0, 0.0, 0.0, 0.0, 0.0, 0.0, 0.0, 0.0, 0.0, 0.0, 0.0, 0.0, 0.0, 0.0, 0.0, 0.0, 0.0, 0.0, 0.0, 0.0, 0.0, 0.0, 0.0, 0.0, 0.0, 0.0, 0.0, 0.0, 0.0, 0.0, 0.0, 0.0, 0.0, 0.0, 0.0, 0.0]
Accuracy for CNN with adam: 1.0
Number of Parameters used to train CNN: 274

Loss History for CNN SNR 17:
[0.6720155477523804, 0.6156311631202698, 0.5100962519645691, 0.5680975914001465, 0.4752381443977356, 0.3794037699699402, 0.35928061604499817, 0.3423862159252167, 0.3905442953109741, 0.25086554884910583, 0.13407915830612183, 0.21722854673862457, 0.16388724744319916, 0.13148336112499237, 0.11013658344745636, 0.05966978520154953, 0.06196407228708267, 0.03657922521233559, 0.02548249065876007, 0.013626432046294212, 0.013558825477957726, 0.007628114894032478, 0.0046116746962070465, 0.0029925319831818342, 0.001552699482999742, 0.0008800860377959907, 0.00047018483746796846, 0.0002436255890643224, 0.00014260385069064796, 5.048514503869228e-05, 3.3444517612224445e-05, 1.641257586015854e-05, 9.031210538523737e-06, 4.153241206950042e-06, 1.6832325400173431e-06, 8.106225664050726e-07, 3.480910493181e-07, 1.2874600940904202e-07, 5.72204541526844e-08, 9.53674295089968e-09, 4.76837147544984e-09, 0.0, 0.0, 0.0, 0.0, 0.0, 0.0, 0.0, 0.0, 0.0, 0.0, 0.0, 0.0, 0.0, 0.0, 0.0, 0.0, 0.0, 0.0, 0.0, 0.0, 0.0, 0.0, 0.0, 0.0, 0.0, 0.0, 0.0, 0.0, 0.0, 0.0, 0.0, 0.0, 0.0, 0.0, 0.0, 0.0, 0.0, 0.0, 0.0, 0.0, 0.0, 0.0, 0.0, 0.0, 0.0, 0.0, 0.0, 0.0, 0.0, 0.0, 0.0, 0.0, 0.0, 0.0, 0.0, 0.0, 0.0, 0.0, 0.0, 0.0, 0.0, 0.0, 0.0, 0.0, 0.0, 0.0, 0.0, 0.0, 0.0, 0.0, 0.0, 0.0, 0.0, 0.0, 0.0, 0.0, 0.0, 0.0, 0.0, 0.0, 0.0, 0.0, 0.0, 0.0, 0.0, 0.0, 0.0, 0.0, 0.0, 0.0, 0.0, 0.0, 0.0, 0.0, 0.0, 0.0, 0.0, 0.0, 0.0, 0.0, 0.0, 0.0, 0.0, 0.0, 0.0, 0.0, 0.0, 0.0, 0.0, 0.0, 0.0, 0.0, 0.0, 0.0, 0.0, 0.0, 0.0, 0.0, 0.0, 0.0, 0.0, 0.0, 0.0, 0.0, 0.0, 0.0, 0.0, 0.0, 0.0, 0.0, 0.0, 0.0, 0.0, 0.0, 0.0, 0.0, 0.0, 0.0, 0.0, 0.0, 0.0, 0.0, 0.0, 0.0, 0.0, 0.0, 0.0, 0.0, 0.0, 0.0, 0.0, 0.0, 0.0, 0.0, 0.0, 0.0, 0.0, 0.0, 0.0]
Accuracy for CNN with adam: 1.0
Number of Parameters used to train CNN: 274

Loss History for CNN SNR 18:
[0.6931566596031189, 0.6960111856460571, 0.6931028962135315, 0.6953033208847046, 0.6931560635566711, 0.6920211315155029, 0.6893863081932068, 0.6900166869163513, 0.6827991604804993, 0.7043423652648926, 0.6923469305038452, 0.6884119510650635, 0.6925418376922607, 0.6804468631744385, 0.6973243951797485, 0.7003595232963562, 0.6987121105194092, 0.6828691959381104, 0.6859819889068604, 0.6884119510650635, 0.6877592206001282, 0.6927886009216309, 0.6973243951797485, 0.7083246111869812, 0.7082595825195312, 0.7019295692443848, 0.6957166194915771, 0.6943688988685608, 0.6931734681129456, 0.6935863494873047, 0.6931384801864624, 0.6919732093811035, 0.6860730648040771, 0.6972297430038452, 0.6973951458930969, 0.6919732689857483, 0.6925428509712219, 0.6803076267242432, 0.701999306678772, 0.6827250719070435, 0.7084342241287231, 0.6899774074554443, 0.7052168250083923, 0.6923948526382446, 0.6955644488334656, 0.6899774074554443, 0.6987819075584412, 0.6923948526382446, 0.689129650592804, 0.6763291358947754, 0.7021853923797607, 0.7004339098930359, 0.6987819671630859, 0.6996473073959351, 0.6893079280853271, 0.6899774670600891, 0.6987819671630859, 0.6948124170303345, 0.6876904964447021, 0.6948124170303345, 0.6893079876899719, 0.6972298622131348, 0.6909253001213074, 0.687559962272644, 0.6859121918678284, 0.704451322555542, 0.6987819075584412, 0.6972298622131348, 0.6925427913665771, 0.6972298622131348, 0.6957777142524719, 0.6911558508872986, 0.6925427913665771, 0.6996473073959351, 0.6957777142524719, 0.6944255828857422, 0.693051278591156, 0.6952431201934814, 0.6931909322738647, 0.694368839263916, 0.6931734681129456, 0.694368839263916, 0.6931211352348328, 0.6903383731842041, 0.6909253597259521, 0.6899774670600891, 0.6923470497131348, 0.6996474266052246, 0.7022479176521301, 0.6944258213043213, 0.6930859088897705, 0.6968783736228943, 0.6931034922599792, 0.6936081647872925, 0.6930860280990601, 0.6944257616996765, 0.6931210160255432, 0.6895204782485962, 0.7006304264068604, 0.6911555528640747, 0.6925427913665771, 0.6875598430633545, 0.7019994854927063, 0.6923948526382446, 0.6891293525695801, 0.6964163780212402, 0.6987819671630859, 0.6996474266052246, 0.6909252405166626, 0.7020649909973145, 0.6925427913665771, 0.6851422786712646, 0.6923468708992004, 0.6923948526382446, 0.6955645680427551, 0.694812536239624, 0.6909252405166626, 0.6899772882461548, 0.6923471093177795, 0.6803063750267029, 0.6923470497131348, 0.6972303986549377, 0.690924882888794, 0.6972303986549377, 0.6893071532249451, 0.6996482014656067, 0.705484926700592, 0.6927906274795532, 0.6876893639564514, 0.6972303986549377, 0.6893071532249451, 0.7044836282730103, 0.6941604614257812, 0.6919727921485901, 0.6909250020980835, 0.6923948526382446, 0.6987825632095337, 0.7093192338943481, 0.6957781910896301, 0.6936083436012268, 0.6931027173995972, 0.6936083436012268, 0.6931915283203125, 0.6928038597106934, 0.6909694075584412, 0.7019282579421997, 0.6941338181495667, 0.6912394165992737, 0.6925515532493591, 0.6876349449157715, 0.6955292224884033, 0.6876348853111267, 0.6891648769378662, 0.7003588676452637, 0.6828004717826843, 0.6923944354057312, 0.6796181201934814, 0.6724833846092224, 0.6829773187637329, 0.6872064471244812, 0.7186639308929443, 0.7039530873298645, 0.6877594590187073, 0.6872064471244812, 0.7058994174003601, 0.6760419607162476, 0.7058994174003601, 0.6927886009216309, 0.7068884372711182, 0.6884121894836426, 0.6973239779472351, 0.6884122490882874, 0.6973239183425903, 0.6963767409324646, 0.7050759792327881, 0.6995460391044617, 0.7004626989364624, 0.6935861110687256, 0.6931738257408142, 0.6920215487480164, 0.6972983479499817, 0.6912394165992737, 0.6909694075584412, 0.7066927552223206, 0.6878048777580261, 0.6995460391044617, 0.6972983479499817, 0.6904571652412415, 0.6988805532455444, 0.6951505541801453, 0.6930670738220215, 0.6911550164222717, 0.7022493481636047, 0.6936083436012268, 0.6931738257408142, 0.6920217275619507, 0.6925516724586487, 0.6971637606620789, 0.6893871426582336, 0.7019282579421997]
Accuracy for CNN with adam: 0.506
Number of Parameters used to train CNN: 274

Loss History for CNN SNR 19:
[0.7450552582740784, 0.7107914090156555, 0.707105278968811, 0.6711845397949219, 0.698008120059967, 0.6389355659484863, 0.6240870356559753, 0.48371925950050354, 0.9214133620262146, 0.6395752429962158, 0.6183172464370728, 0.6419375538825989, 0.4713159203529358, 0.5732535123825073, 0.4502476155757904, 0.3702835738658905, 0.34651756286621094, 0.3046354353427887, 0.29376333951950073, 0.22681830823421478, 0.19898422062397003, 0.16157865524291992, 0.1303289234638214, 0.13327130675315857, 0.07697749882936478, 0.05846906825900078, 0.03820904344320297, 0.030435912311077118, 0.021714897826313972, 0.016946204006671906, 0.017777908593416214, 0.010470552369952202, 0.005635709967464209, 0.0030762096866965294, 0.0025957513134926558, 0.0018653706647455692, 0.0010703240986913443, 0.000974886177573353, 0.0004089025896973908, 0.00020649591169785708, 8.036701910896227e-05, 3.396439933567308e-05, 1.2383363355183974e-05, 5.979502930131275e-06, 2.713198227866087e-06, 2.7608807613432873e-06, 1.5020348200778244e-06, 1.072882469088654e-06, 5.674357907992089e-07, 3.8623801401627134e-07, 2.241134069436157e-07, 1.7166134114177112e-07, 1.1444090119994144e-07, 1.144409083053688e-07, 3.814697180359872e-08, 5.245208356541298e-08, 0.0, 0.0, 0.0, 0.0, 0.0, 0.0, 0.0, 0.0, 0.0, 0.0, 0.0, 0.0, 0.0, 0.0, 0.0, 0.0, 0.0, 0.0, 0.0, 0.0, 0.0, 0.0, 0.0, 0.0, 0.0, 0.0, 0.0, 0.0, 0.0, 0.0, 0.0, 0.0, 0.0, 0.0, 0.0, 0.0, 0.0, 0.0, 0.0, 0.0, 0.0, 0.0, 0.0, 0.0, 0.0, 0.0, 0.0, 0.0, 0.0, 0.0, 0.0, 0.0, 0.0, 0.0, 0.0, 0.0, 0.0, 0.0, 0.0, 0.0, 0.0, 0.0, 0.0, 0.0, 0.0, 0.0, 0.0, 0.0, 0.0, 0.0, 0.0, 0.0, 0.0, 0.0, 0.0, 0.0, 0.0, 0.0, 0.0, 0.0, 0.0, 0.0, 0.0, 0.0, 0.0, 0.0, 0.0, 0.0, 0.0, 0.0, 0.0, 0.0, 0.0, 0.0, 0.0, 0.0, 0.0, 0.0, 0.0, 0.0, 0.0, 0.0, 0.0, 0.0, 0.0, 0.0, 0.0, 0.0, 0.0, 0.0, 0.0, 0.0, 0.0, 0.0, 0.0, 0.0, 0.0, 0.0, 0.0, 0.0, 0.0, 0.0, 0.0, 0.0, 0.0, 0.0, 0.0, 0.0, 0.0, 0.0, 0.0, 0.0, 0.0, 0.0, 0.0, 0.0, 0.0, 0.0, 0.0, 0.0, 0.0, 0.0, 0.0, 0.0]
Accuracy for CNN with adam: 1.0
Number of Parameters used to train CNN: 274

Loss History for CNN SNR 20:
[0.7065154910087585, 0.77899169921875, 0.696744441986084, 0.7686252593994141, 0.7020320296287537, 0.6706286072731018, 0.9048556685447693, 0.6819548010826111, 0.6699758768081665, 0.6586660146713257, 0.6376343369483948, 0.5756422281265259, 0.5110854506492615, 0.6129181981086731, 0.47557899355888367, 0.452470064163208, 0.4045690894126892, 0.3645300269126892, 0.336729496717453, 0.2987079322338104, 0.26660922169685364, 0.22319957613945007, 0.18784208595752716, 0.18105749785900116, 0.16431713104248047, 0.13638879358768463, 0.114716075360775, 0.08868035674095154, 0.08999666571617126, 0.06648294627666473, 0.056945811957120895, 0.059938158839941025, 0.041816409677267075, 0.028856396675109863, 0.023620329797267914, 0.016636179760098457, 0.010997273027896881, 0.007091313600540161, 0.005546491127461195, 0.006003993563354015, 0.003744668560102582, 0.0025071469135582447, 0.0016737536061555147, 0.0010770725784823298, 0.00070445507299155, 0.0005141636356711388, 0.0003239552606828511, 0.000278415740467608, 0.000128145344206132, 6.539574678754434e-05, 3.334462962811813e-05, 2.071345988952089e-05, 1.3170095371606294e-05, 7.681807801418472e-06, 7.920218195067719e-06, 3.5095110888505587e-06, 1.8024425116891507e-06, 9.012216537485074e-07, 4.2438495029273327e-07, 2.1457668708535493e-07, 9.059905181629802e-08, 4.768371297814156e-08, 4.76837147544984e-09, 0.0, 0.0, 0.0, 0.0, 0.0, 0.0, 0.0, 0.0, 0.0, 0.0, 0.0, 0.0, 0.0, 0.0, 0.0, 0.0, 0.0, 0.0, 0.0, 0.0, 0.0, 0.0, 0.0, 0.0, 0.0, 0.0, 0.0, 0.0, 0.0, 0.0, 0.0, 0.0, 0.0, 0.0, 0.0, 0.0, 0.0, 0.0, 0.0, 0.0, 0.0, 0.0, 0.0, 0.0, 0.0, 0.0, 0.0, 0.0, 0.0, 0.0, 0.0, 0.0, 0.0, 0.0, 0.0, 0.0, 0.0, 0.0, 0.0, 0.0, 0.0, 0.0, 0.0, 0.0, 0.0, 0.0, 0.0, 0.0, 0.0, 0.0, 0.0, 0.0, 0.0, 0.0, 0.0, 0.0, 0.0, 0.0, 0.0, 0.0, 0.0, 0.0, 0.0, 0.0, 0.0, 0.0, 0.0, 0.0, 0.0, 0.0, 0.0, 0.0, 0.0, 0.0, 0.0, 0.0, 0.0, 0.0, 0.0, 0.0, 0.0, 0.0, 0.0, 0.0, 0.0, 0.0, 0.0, 0.0, 0.0, 0.0, 0.0, 0.0, 0.0, 0.0, 0.0, 0.0, 0.0, 0.0, 0.0, 0.0, 0.0, 0.0, 0.0, 0.0, 0.0, 0.0, 0.0, 0.0, 0.0, 0.0, 0.0, 0.0, 0.0, 0.0, 0.0, 0.0, 0.0]
Accuracy for CNN with adam: 1.0
Number of Parameters used to train CNN: 274

Loss History for CNN SNR 21:
[0.7720773220062256, 0.7082595229148865, 0.7162094712257385, 0.6776756048202515, 0.6068443059921265, 0.7866442203521729, 0.6718515157699585, 0.6528863310813904, 0.6566993594169617, 0.5947074294090271, 0.6057730913162231, 0.5717250108718872, 0.5007436275482178, 0.4927140772342682, 0.43914926052093506, 0.44592010974884033, 0.33803871273994446, 0.394471138715744, 0.27890726923942566, 0.2538224458694458, 0.20376482605934143, 0.1514004021883011, 0.11385717988014221, 0.08590683341026306, 0.06587369740009308, 0.04289942607283592, 0.030053716152906418, 0.026638448238372803, 0.0158451646566391, 0.008421706035733223, 0.00793235283344984, 0.004125249106436968, 0.002090336987748742, 0.002627295209094882, 0.0007632402121089399, 0.00039005576400086284, 0.0007333364337682724, 0.000164728524396196, 7.807405927451327e-05, 9.278926154365763e-05, 1.977414831344504e-05, 8.0632817116566e-06, 4.153238933213288e-06, 4.0340264604310505e-06, 8.726116220714175e-07, 2.098083342616519e-07, 6.675719532722724e-08, 0.0, 0.0, 0.0, 0.0, 0.0, 0.0, 0.0, 0.0, 0.0, 0.0, 0.0, 0.0, 0.0, 0.0, 0.0, 0.0, 0.0, 0.0, 0.0, 0.0, 0.0, 0.0, 0.0, 0.0, 0.0, 0.0, 0.0, 0.0, 0.0, 0.0, 0.0, 0.0, 0.0, 0.0, 0.0, 0.0, 0.0, 0.0, 0.0, 0.0, 0.0, 0.0, 0.0, 0.0, 0.0, 0.0, 0.0, 0.0, 0.0, 0.0, 0.0, 0.0, 0.0, 0.0, 0.0, 0.0, 0.0, 0.0, 0.0, 0.0, 0.0, 0.0, 0.0, 0.0, 0.0, 0.0, 0.0, 0.0, 0.0, 0.0, 0.0, 0.0, 0.0, 0.0, 0.0, 0.0, 0.0, 0.0, 0.0, 0.0, 0.0, 0.0, 0.0, 0.0, 0.0, 0.0, 0.0, 0.0, 0.0, 0.0, 0.0, 0.0, 0.0, 0.0, 0.0, 0.0, 0.0, 0.0, 0.0, 0.0, 0.0, 0.0, 0.0, 0.0, 0.0, 0.0, 0.0, 0.0, 0.0, 0.0, 0.0, 0.0, 0.0, 0.0, 0.0, 0.0, 0.0, 0.0, 0.0, 0.0, 0.0, 0.0, 0.0, 0.0, 0.0, 0.0, 0.0, 0.0, 0.0, 0.0, 0.0, 0.0, 0.0, 0.0, 0.0, 0.0, 0.0, 0.0, 0.0, 0.0, 0.0, 0.0, 0.0, 0.0, 0.0, 0.0, 0.0, 0.0, 0.0, 0.0, 0.0, 0.0, 0.0]
Accuracy for CNN with adam: 1.0
Number of Parameters used to train CNN: 274

Loss History for CNN SNR 22:
[0.7115153670310974, 0.597393810749054, 0.5140475630760193, 0.4640103876590729, 0.3524447977542877, 0.2680744528770447, 0.1910937875509262, 0.12391366809606552, 0.07945194840431213, 0.04758838564157486, 0.02427578531205654, 0.016226381063461304, 0.007571614347398281, 0.0037441414315253496, 0.0015277416678145528, 0.0006265533738769591, 0.00029429717687889934, 0.00010849774116650224, 4.839283792534843e-05, 1.7537846360937692e-05, 4.644380624085898e-06, 1.3065329085293342e-06, 3.480910777398094e-07, 6.19888282926695e-08, 0.0, 0.0, 0.0, 0.0, 0.0, 0.0, 0.0, 0.0, 0.0, 0.0, 0.0, 0.0, 0.0, 0.0, 0.0, 0.0, 0.0, 0.0, 0.0, 0.0, 0.0, 0.0, 0.0, 0.0, 0.0, 0.0, 0.0, 0.0, 0.0, 0.0, 0.0, 0.0, 0.0, 0.0, 0.0, 0.0, 0.0, 0.0, 0.0, 0.0, 0.0, 0.0, 0.0, 0.0, 0.0, 0.0, 0.0, 0.0, 0.0, 0.0, 0.0, 0.0, 0.0, 0.0, 0.0, 0.0, 0.0, 0.0, 0.0, 0.0, 0.0, 0.0, 0.0, 0.0, 0.0, 0.0, 0.0, 0.0, 0.0, 0.0, 0.0, 0.0, 0.0, 0.0, 0.0, 0.0, 0.0, 0.0, 0.0, 0.0, 0.0, 0.0, 0.0, 0.0, 0.0, 0.0, 0.0, 0.0, 0.0, 0.0, 0.0, 0.0, 0.0, 0.0, 0.0, 0.0, 0.0, 0.0, 0.0, 0.0, 0.0, 0.0, 0.0, 0.0, 0.0, 0.0, 0.0, 0.0, 0.0, 0.0, 0.0, 0.0, 0.0, 0.0, 0.0, 0.0, 0.0, 0.0, 0.0, 0.0, 0.0, 0.0, 0.0, 0.0, 0.0, 0.0, 0.0, 0.0, 0.0, 0.0, 0.0, 0.0, 0.0, 0.0, 0.0, 0.0, 0.0, 0.0, 0.0, 0.0, 0.0, 0.0, 0.0, 0.0, 0.0, 0.0, 0.0, 0.0, 0.0, 0.0, 0.0, 0.0, 0.0, 0.0, 0.0, 0.0, 0.0, 0.0, 0.0, 0.0, 0.0, 0.0, 0.0, 0.0, 0.0, 0.0, 0.0, 0.0, 0.0, 0.0, 0.0, 0.0, 0.0, 0.0, 0.0, 0.0]
Accuracy for CNN with adam: 1.0
Number of Parameters used to train CNN: 274

Loss History for CNN SNR 23:
[0.6948492527008057, 0.7625366449356079, 0.692979097366333, 0.6518728733062744, 0.6525591015815735, 0.6382104158401489, 0.6421454548835754, 0.5924789905548096, 0.5497010946273804, 0.5134096741676331, 0.44598934054374695, 0.425373375415802, 0.3458440899848938, 0.314144492149353, 0.2934783399105072, 0.28172415494918823, 0.222072035074234, 0.1391172856092453, 0.18375089764595032, 0.13761408627033234, 0.09152069687843323, 0.10203946381807327, 0.08045933395624161, 0.06141387298703194, 0.054719459265470505, 0.04019312933087349, 0.03619300201535225, 0.02187638357281685, 0.014500047080218792, 0.009519861079752445, 0.00647593243047595, 0.004106614738702774, 0.0029744040220975876, 0.001702239504083991, 0.0013289384078234434, 0.0006843800074420869, 0.0003177910693921149, 0.00027689937269315124, 0.00015815628285054117, 5.5376061936840415e-05, 6.15182361798361e-05, 2.874805977626238e-05, 1.1558389815036207e-05, 7.719952009210829e-06, 6.275149644352496e-06, 2.4318633222719654e-06, 9.632099136069883e-07, 3.862379571728525e-07, 2.0503993880538474e-07, 1.3828275768901221e-07, 5.245208356541298e-08, 9.53674295089968e-09, 4.76837147544984e-09, 0.0, 0.0, 0.0, 0.0, 0.0, 0.0, 0.0, 0.0, 0.0, 0.0, 0.0, 0.0, 0.0, 0.0, 0.0, 0.0, 0.0, 0.0, 0.0, 0.0, 0.0, 0.0, 0.0, 0.0, 0.0, 0.0, 0.0, 0.0, 0.0, 0.0, 0.0, 0.0, 0.0, 0.0, 0.0, 0.0, 0.0, 0.0, 0.0, 0.0, 0.0, 0.0, 0.0, 0.0, 0.0, 0.0, 0.0, 0.0, 0.0, 0.0, 0.0, 0.0, 0.0, 0.0, 0.0, 0.0, 0.0, 0.0, 0.0, 0.0, 0.0, 0.0, 0.0, 0.0, 0.0, 0.0, 0.0, 0.0, 0.0, 0.0, 0.0, 0.0, 0.0, 0.0, 0.0, 0.0, 0.0, 0.0, 0.0, 0.0, 0.0, 0.0, 0.0, 0.0, 0.0, 0.0, 0.0, 0.0, 0.0, 0.0, 0.0, 0.0, 0.0, 0.0, 0.0, 0.0, 0.0, 0.0, 0.0, 0.0, 0.0, 0.0, 0.0, 0.0, 0.0, 0.0, 0.0, 0.0, 0.0, 0.0, 0.0, 0.0, 0.0, 0.0, 0.0, 0.0, 0.0, 0.0, 0.0, 0.0, 0.0, 0.0, 0.0, 0.0, 0.0, 0.0, 0.0, 0.0, 0.0, 0.0, 0.0, 0.0, 0.0, 0.0, 0.0, 0.0, 0.0, 0.0, 0.0, 0.0, 0.0, 0.0, 0.0, 0.0, 0.0, 0.0, 0.0]
Accuracy for CNN with adam: 1.0
Number of Parameters used to train CNN: 274

Loss History for CNN SNR 24:
[0.6973047852516174, 0.6963593363761902, 0.698680579662323, 0.6971348524093628, 0.6894220113754272, 0.6900345683097839, 0.7018473148345947, 0.6947681307792664, 0.7035228610038757, 0.6905094385147095, 0.694122314453125, 0.695110023021698, 0.6932967305183411, 0.695110023021698, 0.693230390548706, 0.6905094385147095, 0.6894220113754272, 0.6853010654449463, 0.6796800494194031, 0.696359395980835, 0.708180844783783, 0.6900345683097839, 0.676513135433197, 0.696359395980835, 0.6955137848854065, 0.6995015740394592, 0.6941222548484802, 0.6943432688713074, 0.6931306719779968, 0.6927849054336548, 0.6990718841552734, 0.6936180591583252, 0.6930642127990723, 0.6902852058410645, 0.6925389170646667, 0.687526524066925, 0.6955801248550415, 0.6996926665306091, 0.6958054304122925, 0.69195157289505, 0.697438657283783, 0.6919516921043396, 0.697438657283783, 0.6961177587509155, 0.6931306719779968, 0.6944513916969299, 0.6930974721908569, 0.69195157289505, 0.6990718841552734, 0.6911182999610901, 0.6925389170646667, 0.6948261857032776, 0.6941721439361572, 0.6936179995536804, 0.6931306719779968, 0.69195157289505, 0.6892724633216858, 0.6923931241035461, 0.6858806014060974, 0.6843345165252686, 0.6828880310058594, 0.6871745586395264, 0.7060269117355347, 0.6928077936172485, 0.7070541381835938, 0.6803011894226074, 0.6877212524414062, 0.692807674407959, 0.6877212524414062, 0.6871745586395264, 0.6931602954864502, 0.7153406739234924, 0.7167205810546875, 0.6883676648139954, 0.7118873596191406, 0.7085338830947876, 0.6826473474502563, 0.6883676648139954, 0.6877212524414062, 0.6815412044525146, 0.7124601006507874, 0.692807674407959, 0.6925544738769531, 0.6883676648139954, 0.6877212524414062, 0.6984410285949707, 0.6780548095703125, 0.6984409093856812, 0.6925544738769531, 0.7004674673080444, 0.7020466327667236, 0.6972595453262329, 0.690905749797821, 0.6972595453262329, 0.6876392960548401, 0.687526524066925, 0.6923469305038452, 0.6802266836166382, 0.6891138553619385, 0.6803009510040283, 0.6877211928367615, 0.7040741443634033, 0.6973876953125, 0.6883676052093506, 0.6973876357078552, 0.7045007348060608, 0.7052801251411438, 0.6899597644805908, 0.6988136172294617, 0.6899597644805908, 0.6923471093177795, 0.6972596049308777, 0.6892722845077515, 0.6972596645355225, 0.694172203540802, 0.6919515132904053, 0.6892722845077515, 0.6923930644989014, 0.6891137957572937, 0.7085340619087219, 0.6891137957572937, 0.7004675269126892, 0.6891136765480042, 0.6964341998100281, 0.6923470497131348, 0.6948264241218567, 0.6827387809753418, 0.6996931433677673, 0.692538857460022, 0.6826596260070801, 0.7149805426597595, 0.6972597241401672, 0.6958056092262268, 0.6894513964653015, 0.694172203540802, 0.6944514513015747, 0.6930304169654846, 0.6936180591583252, 0.6932306885719299, 0.6935763359069824, 0.6932305097579956, 0.6935762763023376, 0.6930304765701294, 0.6936181783676147, 0.6931639313697815, 0.6943430304527283, 0.6931639313697815, 0.691276490688324, 0.6941222548484802, 0.6935762763023376, 0.6931973099708557, 0.6882098317146301, 0.6909888982772827, 0.6829347014427185, 0.7018470168113708, 0.6829348206520081, 0.6986803412437439, 0.6876680254936218, 0.6828471422195435, 0.6923926472663879, 0.7050135731697083, 0.6924012899398804, 0.6860136985778809, 0.6884259581565857, 0.6973045468330383, 0.7122259736061096, 0.6860138177871704, 0.7003260254859924, 0.6986803412437439, 0.6971345543861389, 0.6925556063652039, 0.6853014230728149, 0.6923470497131348, 0.6884260773658752, 0.7068377733230591, 0.6844594478607178, 0.7163709998130798, 0.7082590460777283, 0.6860138773918152, 0.7003258466720581, 0.682847261428833, 0.6923926472663879, 0.7050135135650635, 0.6947680711746216, 0.7003885507583618, 0.6905098557472229, 0.6894223690032959, 0.6971346139907837, 0.6925555467605591, 0.6995012164115906, 0.6894223093986511, 0.6995012164115906, 0.6909888386726379, 0.6971347332000732, 0.6956888437271118, 0.693576455116272, 0.6931639313697815, 0.6928097009658813, 0.6894223690032959, 0.6924014091491699]
Accuracy for CNN with adam: 0.494
Number of Parameters used to train CNN: 274

Loss History for CNN SNR 25:
[0.6823059320449829, 0.6138796210289001, 0.5020109415054321, 0.4074784219264984, 0.3140433430671692, 0.2283843755722046, 0.17703744769096375, 0.09572099894285202, 0.06373840570449829, 0.03216049447655678, 0.01897496171295643, 0.009147685952484608, 0.003885901067405939, 0.001549496897496283, 0.0006191669963300228, 0.0002163826720789075, 6.497164577012882e-05, 1.960733970918227e-05, 6.108260095061269e-06, 1.4781940080865752e-06, 3.671645742997498e-07, 8.583067767631292e-08, 0.0, 0.0, 0.0, 0.0, 0.0, 0.0, 0.0, 0.0, 0.0, 0.0, 0.0, 0.0, 0.0, 0.0, 0.0, 0.0, 0.0, 0.0, 0.0, 0.0, 0.0, 0.0, 0.0, 0.0, 0.0, 0.0, 0.0, 0.0, 0.0, 0.0, 0.0, 0.0, 0.0, 0.0, 0.0, 0.0, 0.0, 0.0, 0.0, 0.0, 0.0, 0.0, 0.0, 0.0, 0.0, 0.0, 0.0, 0.0, 0.0, 0.0, 0.0, 0.0, 0.0, 0.0, 0.0, 0.0, 0.0, 0.0, 0.0, 0.0, 0.0, 0.0, 0.0, 0.0, 0.0, 0.0, 0.0, 0.0, 0.0, 0.0, 0.0, 0.0, 0.0, 0.0, 0.0, 0.0, 0.0, 0.0, 0.0, 0.0, 0.0, 0.0, 0.0, 0.0, 0.0, 0.0, 0.0, 0.0, 0.0, 0.0, 0.0, 0.0, 0.0, 0.0, 0.0, 0.0, 0.0, 0.0, 0.0, 0.0, 0.0, 0.0, 0.0, 0.0, 0.0, 0.0, 0.0, 0.0, 0.0, 0.0, 0.0, 0.0, 0.0, 0.0, 0.0, 0.0, 0.0, 0.0, 0.0, 0.0, 0.0, 0.0, 0.0, 0.0, 0.0, 0.0, 0.0, 0.0, 0.0, 0.0, 0.0, 0.0, 0.0, 0.0, 0.0, 0.0, 0.0, 0.0, 0.0, 0.0, 0.0, 0.0, 0.0, 0.0, 0.0, 0.0, 0.0, 0.0, 0.0, 0.0, 0.0, 0.0, 0.0, 0.0, 0.0, 0.0, 0.0, 0.0, 0.0, 0.0, 0.0, 0.0, 0.0, 0.0, 0.0, 0.0, 0.0, 0.0, 0.0, 0.0, 0.0, 0.0, 0.0, 0.0, 0.0, 0.0, 0.0, 0.0]
Accuracy for CNN with adam: 1.0
Number of Parameters used to train CNN: 274

Loss History for CNN SNR 26:
[0.691579282283783, 0.6845754981040955, 0.6726801991462708, 0.6404805183410645, 0.5848382711410522, 0.514121413230896, 0.5004360675811768, 0.398525595664978, 0.3619194030761719, 0.2837260365486145, 0.19404256343841553, 0.16168184578418732, 0.13562272489070892, 0.09218986332416534, 0.05982339009642601, 0.04250849783420563, 0.025329140946269035, 0.014423340559005737, 0.008279132656753063, 0.004616338759660721, 0.0027380073443055153, 0.0012806222075596452, 0.0006464840262196958, 0.0002898670791182667, 0.00016084910021163523, 6.437086267396808e-05, 2.5376910343766212e-05, 1.9240078472648747e-05, 6.160712928249268e-06, 1.7738327642291551e-06, 8.5353798340293e-07, 2.1934505411991267e-07, 7.629393650177008e-08, 1.43051135381711e-08, 0.0, 0.0, 0.0, 0.0, 0.0, 0.0, 0.0, 0.0, 0.0, 0.0, 0.0, 0.0, 0.0, 0.0, 0.0, 0.0, 0.0, 0.0, 0.0, 0.0, 0.0, 0.0, 0.0, 0.0, 0.0, 0.0, 0.0, 0.0, 0.0, 0.0, 0.0, 0.0, 0.0, 0.0, 0.0, 0.0, 0.0, 0.0, 0.0, 0.0, 0.0, 0.0, 0.0, 0.0, 0.0, 0.0, 0.0, 0.0, 0.0, 0.0, 0.0, 0.0, 0.0, 0.0, 0.0, 0.0, 0.0, 0.0, 0.0, 0.0, 0.0, 0.0, 0.0, 0.0, 0.0, 0.0, 0.0, 0.0, 0.0, 0.0, 0.0, 0.0, 0.0, 0.0, 0.0, 0.0, 0.0, 0.0, 0.0, 0.0, 0.0, 0.0, 0.0, 0.0, 0.0, 0.0, 0.0, 0.0, 0.0, 0.0, 0.0, 0.0, 0.0, 0.0, 0.0, 0.0, 0.0, 0.0, 0.0, 0.0, 0.0, 0.0, 0.0, 0.0, 0.0, 0.0, 0.0, 0.0, 0.0, 0.0, 0.0, 0.0, 0.0, 0.0, 0.0, 0.0, 0.0, 0.0, 0.0, 0.0, 0.0, 0.0, 0.0, 0.0, 0.0, 0.0, 0.0, 0.0, 0.0, 0.0, 0.0, 0.0, 0.0, 0.0, 0.0, 0.0, 0.0, 0.0, 0.0, 0.0, 0.0, 0.0, 0.0, 0.0, 0.0, 0.0, 0.0, 0.0, 0.0, 0.0, 0.0, 0.0, 0.0, 0.0, 0.0, 0.0, 0.0, 0.0, 0.0, 0.0, 0.0, 0.0, 0.0, 0.0, 0.0, 0.0]
Accuracy for CNN with adam: 1.0
Number of Parameters used to train CNN: 274

Loss History for CNN SNR 27:
[0.6898701190948486, 0.661387026309967, 0.618791401386261, 0.582658052444458, 0.5378968715667725, 0.38566288352012634, 0.45678630471229553, 0.32258209586143494, 0.4218202233314514, 0.25192582607269287, 0.326804518699646, 0.3140512704849243, 0.20447620749473572, 0.18760265409946442, 0.1580629199743271, 0.14008276164531708, 0.1236053928732872, 0.10271992534399033, 0.07964520156383514, 0.0613722950220108, 0.04334171116352081, 0.03649894520640373, 0.020237596705555916, 0.011512232013046741, 0.007045068312436342, 0.005141225643455982, 0.002632990712299943, 0.002037991536781192, 0.0007434960571117699, 0.0009069584775716066, 0.0004163835837971419, 0.0002225270145572722, 9.454704559175298e-05, 3.776875018957071e-05, 2.138096169801429e-05, 1.4538598406943493e-05, 5.764942670793971e-06, 1.6355490970454412e-06, 1.3208373275119811e-06, 6.103513783273229e-07, 1.8596645645629906e-07, 8.106231064175518e-08, 1.43051135381711e-08, 4.76837147544984e-09, 0.0, 0.0, 0.0, 0.0, 0.0, 0.0, 0.0, 0.0, 0.0, 0.0, 0.0, 0.0, 0.0, 0.0, 0.0, 0.0, 0.0, 0.0, 0.0, 0.0, 0.0, 0.0, 0.0, 0.0, 0.0, 0.0, 0.0, 0.0, 0.0, 0.0, 0.0, 0.0, 0.0, 0.0, 0.0, 0.0, 0.0, 0.0, 0.0, 0.0, 0.0, 0.0, 0.0, 0.0, 0.0, 0.0, 0.0, 0.0, 0.0, 0.0, 0.0, 0.0, 0.0, 0.0, 0.0, 0.0, 0.0, 0.0, 0.0, 0.0, 0.0, 0.0, 0.0, 0.0, 0.0, 0.0, 0.0, 0.0, 0.0, 0.0, 0.0, 0.0, 0.0, 0.0, 0.0, 0.0, 0.0, 0.0, 0.0, 0.0, 0.0, 0.0, 0.0, 0.0, 0.0, 0.0, 0.0, 0.0, 0.0, 0.0, 0.0, 0.0, 0.0, 0.0, 0.0, 0.0, 0.0, 0.0, 0.0, 0.0, 0.0, 0.0, 0.0, 0.0, 0.0, 0.0, 0.0, 0.0, 0.0, 0.0, 0.0, 0.0, 0.0, 0.0, 0.0, 0.0, 0.0, 0.0, 0.0, 0.0, 0.0, 0.0, 0.0, 0.0, 0.0, 0.0, 0.0, 0.0, 0.0, 0.0, 0.0, 0.0, 0.0, 0.0, 0.0, 0.0, 0.0, 0.0, 0.0, 0.0, 0.0, 0.0, 0.0, 0.0, 0.0, 0.0, 0.0, 0.0, 0.0, 0.0, 0.0, 0.0, 0.0, 0.0, 0.0, 0.0]
Accuracy for CNN with adam: 1.0
Number of Parameters used to train CNN: 274

Loss History for CNN SNR 28:
[0.6911947131156921, 0.6843326091766357, 0.6680147647857666, 0.7706369161605835, 0.6728137135505676, 0.7105730175971985, 0.6570523977279663, 0.6925086975097656, 0.6530115604400635, 0.6214368939399719, 0.5550753474235535, 0.6166958808898926, 0.5236616730690002, 0.5151079297065735, 0.4934225380420685, 0.4455896019935608, 0.4271872341632843, 0.3668838441371918, 0.33655795454978943, 0.2864319682121277, 0.22320128977298737, 0.1757536083459854, 0.12944266200065613, 0.0958896055817604, 0.07300598919391632, 0.050191763788461685, 0.037026092410087585, 0.024534743279218674, 0.0151971485465765, 0.010582027025520802, 0.006787520833313465, 0.0056320917792618275, 0.0027332233730703592, 0.0013955075992271304, 0.000855376070830971, 0.0006133308634161949, 0.00025790047948248684, 0.0001270353968720883, 6.395127275027335e-05, 3.004977224918548e-05, 1.652225728321355e-05, 8.55917369335657e-06, 3.1614245017408393e-06, 1.4829621477474575e-06, 6.055830112927651e-07, 3.1471245165448636e-07, 1.1920928244535389e-07, 1.43051135381711e-08, 0.0, 0.0, 0.0, 0.0, 0.0, 0.0, 0.0, 0.0, 0.0, 0.0, 0.0, 0.0, 0.0, 0.0, 0.0, 0.0, 0.0, 0.0, 0.0, 0.0, 0.0, 0.0, 0.0, 0.0, 0.0, 0.0, 0.0, 0.0, 0.0, 0.0, 0.0, 0.0, 0.0, 0.0, 0.0, 0.0, 0.0, 0.0, 0.0, 0.0, 0.0, 0.0, 0.0, 0.0, 0.0, 0.0, 0.0, 0.0, 0.0, 0.0, 0.0, 0.0, 0.0, 0.0, 0.0, 0.0, 0.0, 0.0, 0.0, 0.0, 0.0, 0.0, 0.0, 0.0, 0.0, 0.0, 0.0, 0.0, 0.0, 0.0, 0.0, 0.0, 0.0, 0.0, 0.0, 0.0, 0.0, 0.0, 0.0, 0.0, 0.0, 0.0, 0.0, 0.0, 0.0, 0.0, 0.0, 0.0, 0.0, 0.0, 0.0, 0.0, 0.0, 0.0, 0.0, 0.0, 0.0, 0.0, 0.0, 0.0, 0.0, 0.0, 0.0, 0.0, 0.0, 0.0, 0.0, 0.0, 0.0, 0.0, 0.0, 0.0, 0.0, 0.0, 0.0, 0.0, 0.0, 0.0, 0.0, 0.0, 0.0, 0.0, 0.0, 0.0, 0.0, 0.0, 0.0, 0.0, 0.0, 0.0, 0.0, 0.0, 0.0, 0.0, 0.0, 0.0, 0.0, 0.0, 0.0, 0.0, 0.0, 0.0, 0.0, 0.0, 0.0, 0.0, 0.0, 0.0, 0.0, 0.0, 0.0, 0.0]
Accuracy for CNN with adam: 1.0
Number of Parameters used to train CNN: 274

Loss History for CNN SNR 29:
[0.7325717806816101, 0.6626701354980469, 0.6517429351806641, 0.6644463539123535, 0.681588888168335, 0.6316936612129211, 0.6025201082229614, 0.5772401094436646, 0.5424168109893799, 0.5876434445381165, 0.4931734502315521, 0.46245262026786804, 0.40126872062683105, 0.5331780910491943, 0.4141784608364105, 0.3367571234703064, 0.30946704745292664, 0.356013685464859, 0.3022994101047516, 0.24293701350688934, 0.22294512391090393, 0.1936533898115158, 0.18053089082241058, 0.15172286331653595, 0.13041076064109802, 0.11324197798967361, 0.10100749135017395, 0.08363158255815506, 0.06906865537166595, 0.06700985878705978, 0.0485258474946022, 0.04949208348989487, 0.03686048090457916, 0.027032112702727318, 0.031056664884090424, 0.017987526953220367, 0.013808581046760082, 0.010525044053792953, 0.0074551887810230255, 0.005449279677122831, 0.004440404940396547, 0.0026263000909239054, 0.002184492303058505, 0.0010865777730941772, 0.0007052650908008218, 0.00041132455226033926, 0.00022929246188141406, 0.00012202362267998978, 7.041198841761798e-05, 3.7392746889963746e-05, 2.0203386156936176e-05, 1.1439246918598656e-05, 5.364403023122577e-06, 2.4938551632658346e-06, 1.3017645414947765e-06, 4.816054683942639e-07, 2.098083342616519e-07, 1.1920928244535389e-07, 0.0, 0.0, 0.0, 0.0, 0.0, 0.0, 0.0, 0.0, 0.0, 0.0, 0.0, 0.0, 0.0, 0.0, 0.0, 0.0, 0.0, 0.0, 0.0, 0.0, 0.0, 0.0, 0.0, 0.0, 0.0, 0.0, 0.0, 0.0, 0.0, 0.0, 0.0, 0.0, 0.0, 0.0, 0.0, 0.0, 0.0, 0.0, 0.0, 0.0, 0.0, 0.0, 0.0, 0.0, 0.0, 0.0, 0.0, 0.0, 0.0, 0.0, 0.0, 0.0, 0.0, 0.0, 0.0, 0.0, 0.0, 0.0, 0.0, 0.0, 0.0, 0.0, 0.0, 0.0, 0.0, 0.0, 0.0, 0.0, 0.0, 0.0, 0.0, 0.0, 0.0, 0.0, 0.0, 0.0, 0.0, 0.0, 0.0, 0.0, 0.0, 0.0, 0.0, 0.0, 0.0, 0.0, 0.0, 0.0, 0.0, 0.0, 0.0, 0.0, 0.0, 0.0, 0.0, 0.0, 0.0, 0.0, 0.0, 0.0, 0.0, 0.0, 0.0, 0.0, 0.0, 0.0, 0.0, 0.0, 0.0, 0.0, 0.0, 0.0, 0.0, 0.0, 0.0, 0.0, 0.0, 0.0, 0.0, 0.0, 0.0, 0.0, 0.0, 0.0, 0.0, 0.0, 0.0, 0.0, 0.0, 0.0, 0.0, 0.0, 0.0, 0.0, 0.0, 0.0, 0.0, 0.0, 0.0, 0.0, 0.0, 0.0]
Accuracy for CNN with adam: 1.0
Number of Parameters used to train CNN: 274

Loss History for CNN SNR 30:
[0.6998277902603149, 0.6576563119888306, 0.5854395031929016, 0.5450848937034607, 0.5790847539901733, 0.454259991645813, 0.546299934387207, 0.4511350393295288, 0.3720165491104126, 0.3469521701335907, 0.30889657139778137, 0.23764044046401978, 0.2614884078502655, 0.1834787130355835, 0.15692293643951416, 0.14219465851783752, 0.10233450680971146, 0.09195903688669205, 0.06817638874053955, 0.04751604050397873, 0.054819826036691666, 0.03270148113369942, 0.0416107177734375, 0.026540668681263924, 0.020923154428601265, 0.01255898829549551, 0.014621496200561523, 0.01001723762601614, 0.006463947705924511, 0.005655995104461908, 0.0037900686729699373, 0.002672737929970026, 0.0019300815183669329, 0.0015932251699268818, 0.000977272866293788, 0.000864981790073216, 0.0005912857013754547, 0.00043372149229981005, 0.0002879053063225001, 0.00019593497563619167, 0.0001370092068100348, 8.346640242962167e-05, 6.137632590252906e-05, 3.8322621549014e-05, 2.6349596737418324e-05, 1.997925755858887e-05, 1.312245149165392e-05, 8.106195309665054e-06, 6.861650035716593e-06, 4.868493306275923e-06, 2.527232027205173e-06, 1.4877305147820152e-06, 1.0824196579051204e-06, 7.200238201221509e-07, 4.148482446453272e-07, 2.9087061648169765e-07, 1.8119810363259603e-07, 1.3828275768901221e-07, 1.0013579299084086e-07, 4.768371297814156e-08, 9.53674295089968e-09, 9.53674295089968e-09, 0.0, 0.0, 0.0, 0.0, 0.0, 0.0, 0.0, 0.0, 0.0, 0.0, 0.0, 0.0, 0.0, 0.0, 0.0, 0.0, 0.0, 0.0, 0.0, 0.0, 0.0, 0.0, 0.0, 0.0, 0.0, 0.0, 0.0, 0.0, 0.0, 0.0, 0.0, 0.0, 0.0, 0.0, 0.0, 0.0, 0.0, 0.0, 0.0, 0.0, 0.0, 0.0, 0.0, 0.0, 0.0, 0.0, 0.0, 0.0, 0.0, 0.0, 0.0, 0.0, 0.0, 0.0, 0.0, 0.0, 0.0, 0.0, 0.0, 0.0, 0.0, 0.0, 0.0, 0.0, 0.0, 0.0, 0.0, 0.0, 0.0, 0.0, 0.0, 0.0, 0.0, 0.0, 0.0, 0.0, 0.0, 0.0, 0.0, 0.0, 0.0, 0.0, 0.0, 0.0, 0.0, 0.0, 0.0, 0.0, 0.0, 0.0, 0.0, 0.0, 0.0, 0.0, 0.0, 0.0, 0.0, 0.0, 0.0, 0.0, 0.0, 0.0, 0.0, 0.0, 0.0, 0.0, 0.0, 0.0, 0.0, 0.0, 0.0, 0.0, 0.0, 0.0, 0.0, 0.0, 0.0, 0.0, 0.0, 0.0, 0.0, 0.0, 0.0, 0.0, 0.0, 0.0, 0.0, 0.0, 0.0, 0.0, 0.0, 0.0, 0.0, 0.0, 0.0, 0.0, 0.0, 0.0]
Accuracy for CNN with adam: 1.0
Number of Parameters used to train CNN: 274

